Date,Open,High,Low,Close,Volume,Adj_Close
2015-01-01,125.0,125.1,124.9,125.0,880621,125.0
2015-01-02,125.0,126.26,124.26,125.51,1217245,125.51
2015-01-03,125.51,127.18,124.7,126.36,688548,126.36
2015-01-04,126.36,127.78,125.82,127.24,1213205,127.24
2015-01-05,127.24,128.08,126.62,127.45,899710,127.45
2015-01-06,127.45,127.62,127.16,127.32,1120181,127.32
2015-01-07,127.32,127.83,127.11,127.61,807116,127.61
2015-01-08,127.61,130.31,126.52,129.2,860205,129.2
2015-01-09,129.2,131.41,122.91,125.05,913543,125.05
2015-01-10,125.05,125.57,124.27,124.79,723658,124.79
2015-01-11,124.79,125.4,124.27,124.89,1356105,124.89
2015-01-12,124.89,127.06,124.14,126.31,1388481,126.31
2015-01-13,126.31,128.33,125.32,127.34,817765,127.34
2015-01-14,127.34,128.45,126.26,127.36,2737918,127.36
2015-01-15,127.36,127.56,127.08,127.28,595771,127.28
2015-01-16,127.28,127.73,126.44,126.89,1089231,126.89
2015-01-17,126.89,128.07,126.47,127.65,1210965,127.65
2015-01-18,127.65,127.85,127.32,127.53,735207,127.53
2015-01-19,127.53,128.47,127.19,128.13,1134528,128.13
2015-01-20,128.13,128.78,126.27,126.92,1313057,126.92
2015-01-21,126.92,127.46,125.54,126.07,823520,126.07
2015-01-22,126.07,130.28,124.39,128.57,715667,128.57
2015-01-23,128.57,132.16,127.05,130.62,2353031,130.62
2015-01-24,130.62,130.85,130.1,130.33,732087,130.33
2015-01-25,130.33,130.43,130.21,130.31,1310548,130.31
2015-01-26,130.31,131.44,127.81,128.94,953168,128.94
2015-01-27,128.94,131.14,127.98,130.17,778592,130.17
2015-01-28,130.17,131.54,128.26,129.62,1209903,129.62
2015-01-29,129.62,130.13,128.89,129.4,1102555,129.4
2015-01-30,129.4,131.17,127.81,129.58,1310311,129.58
2015-01-31,129.58,131.97,128.3,130.68,1021286,130.68
2015-02-01,130.68,132.32,127.36,128.97,1047575,128.97
2015-02-02,128.97,129.66,128.55,129.24,2006376,129.24
2015-02-03,129.24,130.87,128.6,130.23,826565,130.23
2015-02-04,130.23,132.33,128.84,130.93,1844499,130.93
2015-02-05,130.93,134.42,128.72,132.19,1714502,132.19
2015-02-06,132.19,133.09,131.6,132.5,956032,132.5
2015-02-07,132.5,133.46,132.0,132.96,840971,132.96
2015-02-08,132.96,133.51,132.72,133.27,817253,133.27
2015-02-09,133.27,133.84,131.64,132.2,780819,132.2
2015-02-10,132.2,132.73,131.45,131.97,844254,131.97
2015-02-11,131.97,132.2,131.76,131.99,1085407,131.99
2015-02-12,131.99,134.83,131.04,133.87,1475733,133.87
2015-02-13,133.87,135.45,133.32,134.89,963029,134.89
2015-02-14,134.89,145.3,131.35,141.59,1697670,141.59
2015-02-15,141.59,143.37,140.62,142.4,1286593,142.4
2015-02-16,142.4,142.77,142.19,142.56,972997,142.56
2015-02-17,142.56,143.31,140.77,141.51,1299054,141.51
2015-02-18,141.51,142.74,138.02,139.22,1260372,139.22
2015-02-19,139.22,139.56,138.44,138.78,769587,138.78
2015-02-20,138.78,139.53,136.81,137.55,985900,137.55
2015-02-21,137.55,137.8,137.18,137.43,1133913,137.43
2015-02-22,137.43,137.98,137.12,137.67,794139,137.67
2015-02-23,137.67,139.06,136.82,138.21,1034988,138.21
2015-02-24,138.21,138.45,137.64,137.88,816895,137.88
2015-02-25,137.88,138.63,135.98,136.72,1055138,136.72
2015-02-26,136.72,137.52,135.36,136.16,1396595,136.16
2015-02-27,136.16,136.88,135.47,136.2,1078586,136.2
2015-02-28,136.2,136.41,135.61,135.82,1241459,135.82
2015-03-01,135.82,136.62,134.94,135.74,648125,135.74
2015-03-02,135.74,135.95,135.38,135.59,1380730,135.59
2015-03-03,135.59,137.16,135.0,136.57,1070938,136.57
2015-03-04,136.57,138.03,136.08,137.54,1904928,137.54
2015-03-05,137.54,141.6,135.53,139.57,1175040,139.57
2015-03-06,139.57,140.29,139.27,140.0,1237363,140.0
2015-03-07,140.0,140.61,138.29,138.89,1073921,138.89
2015-03-08,138.89,139.63,138.62,139.35,838220,139.35
2015-03-09,139.35,141.0,135.38,137.0,678512,137.0
2015-03-10,137.0,140.19,135.83,139.0,1503233,139.0
2015-03-11,139.0,139.16,138.65,138.81,1033032,138.81
2015-03-12,138.81,139.43,137.46,138.08,1453544,138.08
2015-03-13,138.08,138.65,137.25,137.82,764521,137.82
2015-03-14,137.82,139.65,137.09,138.91,1897557,138.91
2015-03-15,138.91,139.9,138.55,139.54,927537,139.54
2015-03-16,139.54,141.72,138.44,140.62,1257414,140.62
2015-03-17,140.62,141.44,138.72,139.53,1664835,139.53
2015-03-18,139.53,140.96,138.78,140.2,2038124,140.2
2015-03-19,140.2,142.8,138.62,141.21,687806,141.21
2015-03-20,141.21,141.74,139.65,140.18,1481293,140.18
2015-03-21,140.18,144.61,137.42,141.82,1691561,141.82
2015-03-22,141.82,143.83,141.07,143.07,1752458,143.07
2015-03-23,143.07,143.95,140.86,141.74,802334,141.74
2015-03-24,141.74,146.61,139.99,144.83,2292764,144.83
2015-03-25,144.83,148.51,143.24,146.89,1290760,146.89
2015-03-26,146.89,149.84,145.43,148.36,1290580,148.36
2015-03-27,148.36,150.49,147.14,149.26,850098,149.26
2015-03-28,149.26,149.46,148.87,149.07,1340426,149.07
2015-03-29,149.07,151.48,148.03,150.43,1427751,150.43
2015-03-30,150.43,150.69,150.21,150.47,905073,150.47
2015-03-31,150.47,155.42,148.64,153.56,1423834,153.56
2015-04-01,153.56,155.3,152.25,153.99,776477,153.99
2015-04-02,153.99,159.32,152.08,157.37,1084722,157.37
2015-04-03,157.37,160.16,156.13,158.91,1228645,158.91
2015-04-04,158.91,161.19,157.27,159.55,844674,159.55
2015-04-05,159.55,160.37,159.1,159.92,583219,159.92
2015-04-06,159.92,163.54,158.53,162.13,1043805,162.13
2015-04-07,162.13,163.13,160.78,161.78,1018931,161.78
2015-04-08,161.78,162.41,161.37,162.0,1145247,162.0
2015-04-09,162.0,164.19,161.09,163.27,896052,163.27
2015-04-10,163.27,165.43,162.1,164.25,770349,164.25
2015-04-11,164.25,165.47,162.11,163.32,1274309,163.32
2015-04-12,163.32,163.8,162.13,162.61,694163,162.61
2015-04-13,162.61,165.61,161.27,164.26,857989,164.26
2015-04-14,164.26,165.22,163.6,164.55,631021,164.55
2015-04-15,164.55,165.66,161.55,162.64,1289203,162.64
2015-04-16,162.64,164.8,161.77,163.93,798870,163.93
2015-04-17,163.93,164.88,163.27,164.22,1336580,164.22
2015-04-18,164.22,170.61,147.96,153.95,1412078,153.95
2015-04-19,153.95,154.12,153.72,153.88,869039,153.88
2015-04-20,153.88,155.99,153.16,155.26,962183,155.26
2015-04-21,155.26,155.61,154.95,155.31,643948,155.31
2015-04-22,155.31,157.46,154.26,156.4,1104719,156.4
2015-04-23,156.4,157.55,153.96,155.1,1127435,155.1
2015-04-24,155.1,155.69,153.78,154.37,864887,154.37
2015-04-25,154.37,154.83,153.1,153.56,1186533,153.56
2015-04-26,153.56,157.65,151.8,155.86,953586,155.86
2015-04-27,155.86,156.41,155.65,156.2,1517138,156.2
2015-04-28,156.2,156.73,155.03,155.56,844207,155.56
2015-04-29,155.56,157.89,154.55,156.87,644855,156.87
2015-04-30,156.87,159.84,155.14,158.11,987695,158.11
2015-05-01,158.11,159.37,157.4,158.66,1662318,158.66
2015-05-02,158.66,160.25,158.01,159.59,1295553,159.59
2015-05-03,159.59,159.95,159.24,159.6,807110,159.6
2015-05-04,159.6,162.82,158.43,161.63,1313088,161.63
2015-05-05,161.63,162.28,161.28,161.93,1067422,161.93
2015-05-06,161.93,162.83,160.92,161.82,1128474,161.82
2015-05-07,161.82,163.78,160.9,162.86,857154,162.86
2015-05-08,162.86,164.42,160.15,161.7,1008661,161.7
2015-05-09,161.7,164.2,160.62,163.1,1510112,163.1
2015-05-10,163.1,164.27,161.47,162.63,1062012,162.63
2015-05-11,162.63,165.4,159.56,162.31,994339,162.31
2015-05-12,162.31,163.53,161.35,162.56,1078728,162.56
2015-05-13,162.56,163.96,160.74,162.13,1194151,162.13
2015-05-14,162.13,163.53,160.89,162.29,1106237,162.29
2015-05-15,162.29,162.9,161.82,162.43,796386,162.43
2015-05-16,162.43,164.73,160.86,163.16,994953,163.16
2015-05-17,163.16,163.66,162.66,163.16,1024263,163.16
2015-05-18,163.16,163.37,162.65,162.86,1102928,162.86
2015-05-19,162.86,166.01,161.68,164.82,1724695,164.82
2015-05-20,164.82,164.96,164.53,164.68,1384832,164.68
2015-05-21,164.68,165.99,160.92,162.22,1147317,162.22
2015-05-22,162.22,165.47,160.95,164.18,1846243,164.18
2015-05-23,164.18,165.91,162.93,164.66,1512151,164.66
2015-05-24,164.66,166.38,163.59,165.31,1083788,165.31
2015-05-25,165.31,166.54,164.41,165.64,707553,165.64
2015-05-26,165.64,168.96,163.88,167.18,1036956,167.18
2015-05-27,167.18,170.23,165.88,168.92,916007,168.92
2015-05-28,168.92,170.79,167.63,169.5,1398439,169.5
2015-05-29,169.5,169.66,169.41,169.58,546330,169.58
2015-05-30,169.58,174.14,167.19,171.72,1200002,171.72
2015-05-31,171.72,172.53,170.24,171.04,1089439,171.04
2015-06-01,171.04,173.43,169.89,172.27,1742789,172.27
2015-06-02,172.27,173.25,171.81,172.79,2018835,172.79
2015-06-03,172.79,173.36,172.58,173.16,732873,173.16
2015-06-04,173.16,174.54,170.27,171.64,1257257,171.64
2015-06-05,171.64,172.08,171.34,171.78,722729,171.78
2015-06-06,171.78,172.27,171.49,171.98,1548863,171.98
2015-06-07,171.98,172.38,171.19,171.59,804479,171.59
2015-06-08,171.59,173.98,168.61,170.99,2444563,170.99
2015-06-09,170.99,171.59,169.53,170.13,992738,170.13
2015-06-10,170.13,173.02,168.5,171.38,1566931,171.38
2015-06-11,171.38,172.87,170.45,171.93,1272830,171.93
2015-06-12,171.93,176.96,169.42,174.41,1183352,174.41
2015-06-13,174.41,177.74,173.06,176.38,744214,176.38
2015-06-14,176.38,177.89,173.59,175.08,842223,175.08
2015-06-15,175.08,176.52,171.21,172.63,1081306,172.63
2015-06-16,172.63,172.86,172.07,172.3,790223,172.3
2015-06-17,172.3,173.76,169.29,170.74,3248040,170.74
2015-06-18,170.74,171.78,169.42,170.46,741121,170.46
2015-06-19,170.46,171.65,167.14,168.32,1474858,168.32
2015-06-20,168.32,170.06,164.08,165.8,766767,165.8
2015-06-21,165.8,166.86,165.4,166.46,1309977,166.46
2015-06-22,166.46,167.23,165.05,165.82,587123,165.82
2015-06-23,165.82,169.19,164.33,167.68,620527,167.68
2015-06-24,167.68,169.0,167.06,168.38,752515,168.38
2015-06-25,168.38,170.63,167.23,169.47,1378385,169.47
2015-06-26,169.47,169.96,168.45,168.94,1163673,168.94
2015-06-27,168.94,170.36,168.0,169.41,848129,169.41
2015-06-28,169.41,169.92,167.93,168.44,1350333,168.44
2015-06-29,168.44,169.97,164.91,166.42,1458973,166.42
2015-06-30,166.42,169.71,165.12,168.39,1818721,168.39
2015-07-01,168.39,169.25,167.04,167.9,1622676,167.9
2015-07-02,167.9,168.09,167.38,167.58,868533,167.58
2015-07-03,167.58,168.29,165.91,166.62,724305,166.62
2015-07-04,166.62,168.57,165.14,167.08,1368009,167.08
2015-07-05,167.08,167.33,166.79,167.03,826179,167.03
2015-07-06,167.03,169.02,166.06,168.04,1436285,168.04
2015-07-07,168.04,168.65,166.43,167.04,986958,167.04
2015-07-08,167.04,171.47,165.24,169.64,1171822,169.64
2015-07-09,169.64,170.65,168.11,169.11,1493921,169.11
2015-07-10,169.11,172.36,167.59,170.83,1627140,170.83
2015-07-11,170.83,174.56,169.2,172.91,906615,172.91
2015-07-12,172.91,174.56,169.18,170.8,823608,170.8
2015-07-13,170.8,174.99,168.93,173.1,1383002,173.1
2015-07-14,173.1,174.88,168.09,169.84,1219498,169.84
2015-07-15,169.84,170.03,169.56,169.75,978038,169.75
2015-07-16,169.75,171.16,166.96,168.36,1442545,168.36
2015-07-17,168.36,169.13,167.5,168.28,1210844,168.28
2015-07-18,168.28,169.8,167.02,168.54,1132743,168.54
2015-07-19,168.54,169.24,168.09,168.79,1072502,168.79
2015-07-20,168.79,170.98,163.76,165.92,1047106,165.92
2015-07-21,165.92,166.05,165.71,165.84,1317560,165.84
2015-07-22,165.84,168.7,164.53,167.38,1254164,167.38
2015-07-23,167.38,168.47,164.22,165.29,1114203,165.29
2015-07-24,165.29,166.13,165.0,165.84,1409054,165.84
2015-07-25,165.84,166.8,163.62,164.58,537340,164.58
2015-07-26,164.58,165.8,164.1,165.33,1563646,165.33
2015-07-27,165.33,169.91,163.65,168.21,1054849,168.21
2015-07-28,168.21,169.96,164.31,166.05,1644917,166.05
2015-07-29,166.05,166.77,163.95,164.66,1803760,164.66
2015-07-30,164.66,164.79,164.5,164.64,1932168,164.64
2015-07-31,164.64,167.35,159.85,162.52,1297113,162.52
2015-08-01,162.52,163.89,161.44,162.81,751104,162.81
2015-08-02,162.81,163.83,162.38,163.4,858393,163.4
2015-08-03,163.4,164.22,161.15,161.97,978389,161.97
2015-08-04,161.97,165.68,160.54,164.24,696143,164.24
2015-08-05,164.24,165.06,161.94,162.76,1500397,162.76
2015-08-06,162.76,163.44,161.23,161.9,963529,161.9
2015-08-07,161.9,162.05,161.81,161.95,1271301,161.95
2015-08-08,161.95,163.0,161.53,162.57,1266558,162.57
2015-08-09,162.57,164.54,161.22,163.18,1608115,163.18
2015-08-10,163.18,164.25,160.86,161.92,758094,161.92
2015-08-11,161.92,162.97,159.44,160.49,843804,160.49
2015-08-12,160.49,160.76,159.89,160.16,1063088,160.16
2015-08-13,160.16,164.05,158.79,162.65,837783,162.65
2015-08-14,162.65,165.08,161.41,163.84,1168614,163.84
2015-08-15,163.84,164.69,163.16,164.0,859916,164.0
2015-08-16,164.0,165.27,161.33,162.59,1170168,162.59
2015-08-17,162.59,166.01,160.89,164.29,652978,164.29
2015-08-18,164.29,167.33,163.23,166.25,1154968,166.25
2015-08-19,166.25,168.68,165.43,167.85,931065,167.85
2015-08-20,167.85,172.68,165.45,170.25,1087972,170.25
2015-08-21,170.25,170.67,169.46,169.87,1479019,169.87
2015-08-22,169.87,170.21,168.92,169.25,1050485,169.25
2015-08-23,169.25,171.01,168.28,170.04,1295017,170.04
2015-08-24,170.04,171.37,169.47,170.79,2030403,170.79
2015-08-25,170.79,172.16,168.21,169.57,1514468,169.57
2015-08-26,169.57,171.97,165.75,168.14,1548837,168.14
2015-08-27,168.14,168.44,167.48,167.79,844570,167.79
2015-08-28,167.79,170.34,166.54,169.08,1226569,169.08
2015-08-29,169.08,170.3,167.96,169.18,963986,169.18
2015-08-30,169.18,171.78,168.32,170.9,1655896,170.9
2015-08-31,170.9,172.49,170.38,171.95,992736,171.95
2015-09-01,171.95,172.15,171.61,171.81,1635809,171.81
2015-09-02,171.81,176.55,169.66,174.38,1193392,174.38
2015-09-03,174.38,175.37,171.54,172.53,878034,172.53
2015-09-04,172.53,173.8,171.33,172.59,1044223,172.59
2015-09-05,172.59,173.18,171.28,171.86,1075942,171.86
2015-09-06,171.86,172.46,170.97,171.57,780573,171.57
2015-09-07,171.57,174.04,167.52,169.97,1070582,169.97
2015-09-08,169.97,175.07,168.1,173.16,1727343,173.16
2015-09-09,173.16,173.46,172.74,173.04,1381999,173.04
2015-09-10,173.04,175.8,172.05,174.81,863685,174.81
2015-09-11,174.81,175.22,173.69,174.1,1633505,174.1
2015-09-12,174.1,176.24,172.37,174.5,768703,174.5
2015-09-13,174.5,177.12,172.71,175.33,1257625,175.33
2015-09-14,175.33,176.41,172.15,173.22,746572,173.22
2015-09-15,173.22,175.23,169.74,171.73,1237325,171.73
2015-09-16,171.73,174.78,170.25,173.29,587037,173.29
2015-09-17,173.29,173.75,172.2,172.66,815851,172.66
2015-09-18,172.66,175.09,171.31,173.73,1852971,173.73
2015-09-19,173.73,175.7,170.32,172.27,1766391,172.27
2015-09-20,172.27,177.49,170.49,175.67,1555955,175.67
2015-09-21,175.67,179.28,174.48,178.07,1438736,178.07
2015-09-22,178.07,180.56,176.72,179.19,669919,179.19
2015-09-23,179.19,180.21,178.05,179.06,1713271,179.06
2015-09-24,179.06,179.1,178.95,179.0,794378,179.0
2015-09-25,179.0,179.88,178.21,179.09,770974,179.09
2015-09-26,179.09,179.36,178.4,178.67,831529,178.67
2015-09-27,178.67,179.93,176.79,178.05,955049,178.05
2015-09-28,178.05,197.89,171.66,191.03,3011765,191.03
2015-09-29,191.03,195.13,179.64,183.57,1099941,183.57
2015-09-30,183.57,196.2,179.21,191.64,1552781,191.64
2015-10-01,191.64,195.08,183.29,186.64,895031,186.64
2015-10-02,186.64,201.0,181.37,195.49,1386282,195.49
2015-10-03,195.49,200.31,181.79,186.39,1726986,186.39
2015-10-04,186.39,192.73,184.27,190.56,1214555,190.56
2015-10-05,190.56,191.47,190.04,190.95,966676,190.95
2015-10-06,190.95,202.33,186.94,198.17,1295297,198.17
2015-10-07,198.17,201.33,189.44,192.51,1151319,192.51
2015-10-08,192.51,193.63,191.36,192.47,1171512,192.47
2015-10-09,192.47,196.92,190.57,194.99,1450303,194.99
2015-10-10,194.99,205.27,191.54,201.71,1632482,201.71
2015-10-11,201.71,215.4,196.93,210.42,1750474,210.42
2015-10-12,210.42,215.09,196.93,201.4,1219417,201.4
2015-10-13,201.4,202.87,198.46,199.92,803841,199.92
2015-10-14,199.92,203.31,197.7,201.08,1234199,201.08
2015-10-15,201.08,202.89,196.42,198.2,1663485,198.2
2015-10-16,198.2,201.58,188.67,191.95,1364225,191.95
2015-10-17,191.95,201.26,188.91,198.12,857305,198.12
2015-10-18,198.12,201.72,189.86,193.37,996781,193.37
2015-10-19,193.37,201.51,190.65,198.71,1619756,198.71
2015-10-20,198.71,202.25,189.6,193.04,1099227,193.04
2015-10-21,193.04,198.39,177.81,182.88,1111720,182.88
2015-10-22,182.88,184.91,177.01,179.0,1490014,179.0
2015-10-23,179.0,181.69,171.56,174.18,1164354,174.18
2015-10-24,174.18,179.3,172.03,177.12,2241628,177.12
2015-10-25,177.12,189.36,173.04,185.09,2286141,185.09
2015-10-26,185.09,188.88,183.67,187.44,1102147,187.44
2015-10-27,187.44,189.68,186.46,188.7,956895,188.7
2015-10-28,188.7,189.0,187.85,188.15,1580063,188.15
2015-10-29,188.15,189.01,185.98,186.84,723227,186.84
2015-10-30,186.84,203.1,181.3,197.26,1531174,197.26
2015-10-31,197.26,198.55,194.3,195.58,874216,195.58
2015-11-01,195.58,201.9,192.79,199.06,785513,199.06
2015-11-02,199.06,200.3,196.86,198.09,844491,198.09
2015-11-03,198.09,199.15,197.6,198.66,1629895,198.66
2015-11-04,198.66,199.48,196.29,197.11,1486184,197.11
2015-11-05,197.11,202.94,180.31,185.81,1374678,185.81
2015-11-06,185.81,189.41,184.18,187.77,1082778,187.77
2015-11-07,187.77,212.51,179.53,203.59,1566778,203.59
2015-11-08,203.59,205.1,201.68,203.19,1230948,203.19
2015-11-09,203.19,206.75,196.74,200.25,1742366,200.25
2015-11-10,200.25,206.09,184.67,190.22,2993951,190.22
2015-11-11,190.22,196.42,188.04,194.19,1171391,194.19
2015-11-12,194.19,198.06,183.19,186.91,1339837,186.91
2015-11-13,186.91,190.07,177.66,180.72,940656,180.72
2015-11-14,180.72,181.17,180.32,180.78,772721,180.78
2015-11-15,180.78,183.47,172.9,175.51,1115876,175.51
2015-11-16,175.51,180.58,160.9,165.68,1015115,165.68
2015-11-17,165.68,166.09,165.23,165.65,804243,165.65
2015-11-18,165.65,167.12,164.57,166.03,897346,166.03
2015-11-19,166.03,169.42,156.77,160.03,1690797,160.03
2015-11-20,160.03,160.96,157.44,158.35,906845,158.35
2015-11-21,158.35,165.18,156.11,162.87,1806636,162.87
2015-11-22,162.87,172.58,159.06,168.64,2078399,168.64
2015-11-23,168.64,173.6,155.63,160.34,671358,160.34
2015-11-24,160.34,170.05,156.89,166.47,1412640,166.47
2015-11-25,166.47,175.7,163.21,172.33,1259671,172.33
2015-11-26,172.33,188.54,166.89,182.78,1542281,182.78
2015-11-27,182.78,186.53,181.32,185.06,1112328,185.06
2015-11-28,185.06,186.7,184.5,186.13,1357186,186.13
2015-11-29,186.13,196.05,182.85,192.66,2101019,192.66
2015-11-30,192.66,193.21,191.8,192.35,977291,192.35
2015-12-01,192.35,193.89,187.86,189.38,1202852,189.38
2015-12-02,189.38,195.11,172.87,178.27,1671903,178.27
2015-12-03,178.27,188.61,174.63,184.84,800550,184.84
2015-12-04,184.84,189.32,183.12,187.57,1042438,187.57
2015-12-05,187.57,220.25,177.03,208.52,1850665,208.52
2015-12-06,208.52,225.38,202.98,219.55,1138741,219.55
2015-12-07,219.55,223.54,217.12,221.09,905491,221.09
2015-12-08,221.09,228.64,216.71,224.2,1048142,224.2
2015-12-09,224.2,226.12,223.02,224.93,809529,224.93
2015-12-10,224.93,227.06,220.22,222.32,869615,222.32
2015-12-11,222.32,226.32,213.28,217.19,1181587,217.19
2015-12-12,217.19,217.66,215.94,216.4,885028,216.4
2015-12-13,216.4,219.6,207.46,210.57,1025362,210.57
2015-12-14,210.57,215.73,208.79,213.92,1300197,213.92
2015-12-15,213.92,219.44,210.18,215.66,706276,215.66
2015-12-16,215.66,218.47,208.21,210.95,1355812,210.95
2015-12-17,210.95,232.73,203.81,225.11,1945547,225.11
2015-12-18,225.11,232.62,222.12,229.57,1270936,229.57
2015-12-19,229.57,232.99,221.07,224.41,1242736,224.41
2015-12-20,224.41,247.33,216.25,238.65,1146801,238.65
2015-12-21,238.65,240.51,233.43,235.27,1223707,235.27
2015-12-22,235.27,238.5,233.59,236.8,1066253,236.8
2015-12-23,236.8,240.65,225.67,229.4,1439412,229.4
2015-12-24,229.4,232.31,221.42,224.27,1651047,224.27
2015-12-25,224.27,230.24,222.2,228.14,1093448,228.14
2015-12-26,228.14,235.12,225.24,232.17,894055,232.17
2015-12-27,232.17,233.22,231.31,232.35,1008977,232.35
2015-12-28,232.35,238.38,229.86,235.85,1097212,235.85
2015-12-29,235.85,236.53,234.29,234.97,1026133,234.97
2015-12-30,234.97,237.88,226.54,229.38,1377440,229.38
2015-12-31,229.38,230.86,227.64,229.12,2067410,229.12
2016-01-01,229.12,230.82,226.28,227.97,1655837,227.97
2016-01-02,227.97,228.98,227.34,228.35,794680,228.35
2016-01-03,228.35,232.44,226.06,230.14,899804,230.14
2016-01-04,230.14,235.13,228.23,233.19,1092780,233.19
2016-01-05,233.19,234.74,228.89,230.43,1584136,230.43
2016-01-06,230.43,233.57,222.81,225.89,1286327,225.89
2016-01-07,225.89,229.23,224.52,227.85,936621,227.85
2016-01-08,227.85,232.35,226.06,230.54,1002546,230.54
2016-01-09,230.54,231.3,228.52,229.27,885269,229.27
2016-01-10,229.27,230.18,228.74,229.65,1098133,229.65
2016-01-11,229.65,234.16,222.51,226.97,1536517,226.97
2016-01-12,226.97,228.21,224.3,225.53,1889274,225.53
2016-01-13,225.53,231.21,223.58,229.22,1069407,229.22
2016-01-14,229.22,236.92,226.48,234.12,1712803,234.12
2016-01-15,234.12,234.82,232.85,233.55,824657,233.55
2016-01-16,233.55,235.76,230.3,232.5,876362,232.5
2016-01-17,232.5,234.18,228.36,230.03,806891,230.03
2016-01-18,230.03,231.84,225.74,227.54,856123,227.54
2016-01-19,227.54,232.17,225.74,230.36,837258,230.36
2016-01-20,230.36,231.89,226.41,227.93,1068953,227.93
2016-01-21,227.93,233.44,211.99,217.24,2070656,217.24
2016-01-22,217.24,218.85,216.14,217.76,677489,217.76
2016-01-23,217.76,227.53,214.29,223.97,1504488,223.97
2016-01-24,223.97,227.22,222.4,225.64,667215,225.64
2016-01-25,225.64,234.77,222.55,231.6,1892863,231.6
2016-01-26,231.6,233.36,228.65,230.4,1458457,230.4
2016-01-27,230.4,245.41,225.17,239.96,2868929,239.96
2016-01-28,239.96,248.35,237.01,245.34,909054,245.34
2016-01-29,245.34,248.74,244.16,247.55,1144023,247.55
2016-01-30,247.55,248.2,247.2,247.85,824346,247.85
2016-01-31,247.85,250.17,241.45,243.73,782021,243.73
2016-02-01,243.73,255.06,239.93,251.15,2015080,251.15
2016-02-02,251.15,259.46,228.18,235.99,1562557,235.99
2016-02-03,235.99,242.72,222.54,229.08,775542,229.08
2016-02-04,229.08,232.01,227.49,230.4,1030662,230.4
2016-02-05,230.4,249.45,224.22,242.94,1517305,242.94
2016-02-06,242.94,246.06,234.59,237.65,1239840,237.65
2016-02-07,237.65,245.16,218.66,225.8,1190501,225.8
2016-02-08,225.8,228.63,223.91,226.74,472413,226.74
2016-02-09,226.74,228.45,225.69,227.4,533807,227.4
2016-02-10,227.4,231.28,217.65,221.43,1350248,221.43
2016-02-11,221.43,232.6,217.21,228.25,1722269,228.25
2016-02-12,228.25,234.99,226.01,232.71,1428284,232.71
2016-02-13,232.71,235.68,226.42,229.35,1142738,229.35
2016-02-14,229.35,248.58,222.84,241.71,1650066,241.71
2016-02-15,241.71,249.41,238.98,246.63,932227,246.63
2016-02-16,246.63,263.39,240.76,257.28,1368599,257.28
2016-02-17,257.28,259.56,251.47,253.73,1216273,253.73
2016-02-18,253.73,256.6,249.49,252.35,1599625,252.35
2016-02-19,252.35,259.01,233.88,240.22,1712298,240.22
2016-02-20,240.22,262.46,232.05,253.83,1539617,253.83
2016-02-21,253.83,277.74,245.33,268.74,2064720,268.74
2016-02-22,268.74,269.6,268.02,268.87,1138265,268.87
2016-02-23,268.87,278.34,241.85,250.68,2397691,250.68
2016-02-24,250.68,266.59,244.87,260.56,1253639,260.56
2016-02-25,260.56,265.93,246.08,251.27,814977,251.27
2016-02-26,251.27,273.2,243.43,264.94,1324909,264.94
2016-02-27,264.94,286.26,257.41,278.35,1440586,278.35
2016-02-28,278.35,279.59,276.08,277.32,462109,277.32
2016-02-29,277.32,286.12,273.77,282.5,1202568,282.5
2016-03-01,282.5,284.03,281.0,282.53,952275,282.53
2016-03-02,282.53,286.59,278.52,282.58,864496,282.58
2016-03-03,282.58,296.06,277.51,290.84,1412712,290.84
2016-03-04,290.84,297.53,287.68,294.34,1413981,294.34
2016-03-05,294.34,295.7,291.32,292.67,1841090,292.67
2016-03-06,292.67,300.36,272.36,279.71,1032639,279.71
2016-03-07,279.71,298.65,272.91,291.56,1660733,291.56
2016-03-08,291.56,295.55,289.9,293.89,840280,293.89
2016-03-09,293.89,297.94,290.39,294.43,784130,294.43
2016-03-10,294.43,296.54,291.98,294.09,2252758,294.09
2016-03-11,294.09,298.62,292.02,296.53,1469876,296.53
2016-03-12,296.53,297.95,293.14,294.54,821240,294.54
2016-03-13,294.54,300.3,280.25,285.84,1012935,285.84
2016-03-14,285.84,290.66,275.66,280.38,1538020,280.38
2016-03-15,280.38,304.41,272.01,295.59,2195717,295.59
2016-03-16,295.59,297.7,294.25,296.37,925548,296.37
2016-03-17,296.37,305.71,293.04,302.31,1036266,302.31
2016-03-18,302.31,308.43,300.16,306.25,1199021,306.25
2016-03-19,306.25,309.06,300.54,303.32,1499996,303.32
2016-03-20,303.32,313.58,274.61,284.22,1598691,284.22
2016-03-21,284.22,289.79,282.07,287.6,1241831,287.6
2016-03-22,287.6,293.57,285.14,291.08,876294,291.08
2016-03-23,291.08,292.03,288.71,289.66,958553,289.66
2016-03-24,289.66,302.86,285.19,298.26,1505185,298.26
2016-03-25,298.26,308.84,293.93,304.43,939509,304.43
2016-03-26,304.43,314.16,280.66,289.93,1288010,289.93
2016-03-27,289.93,299.27,286.77,296.03,820221,296.03
2016-03-28,296.03,298.44,290.71,293.1,759780,293.1
2016-03-29,293.1,297.83,290.31,295.02,807429,295.02
2016-03-30,295.02,312.91,289.02,306.67,1396158,306.67
2016-03-31,306.67,312.93,289.71,295.75,1052420,295.75
2016-04-01,295.75,302.05,293.41,299.68,1252167,299.68
2016-04-02,299.68,312.65,295.13,307.97,952198,307.97
2016-04-03,307.97,329.25,300.82,321.79,1457154,321.79
2016-04-04,321.79,334.82,285.99,298.06,1984696,298.06
2016-04-05,298.06,300.7,292.13,294.73,1054608,294.73
2016-04-06,294.73,303.17,291.61,299.99,917076,299.99
2016-04-07,299.99,301.18,297.45,298.63,961367,298.63
2016-04-08,298.63,305.16,279.79,286.05,1161427,286.05
2016-04-09,286.05,288.13,282.35,284.42,912887,284.42
2016-04-10,284.42,285.59,282.07,283.24,1416794,283.24
2016-04-11,283.24,285.46,281.37,283.58,1635774,283.58
2016-04-12,283.58,285.51,278.81,280.72,913524,280.72
2016-04-13,280.72,283.46,274.44,277.15,1080520,277.15
2016-04-14,277.15,283.44,274.8,281.06,592761,281.06
2016-04-15,281.06,285.36,268.51,272.69,904557,272.69
2016-04-16,272.69,287.12,267.72,281.98,1559285,281.98
2016-04-17,281.98,292.19,253.11,262.62,3070148,262.62
2016-04-18,262.62,265.74,261.09,264.2,925723,264.2
2016-04-19,264.2,271.82,260.97,268.53,1540371,268.53
2016-04-20,268.53,271.97,258.63,261.98,1056787,261.98
2016-04-21,261.98,269.67,241.22,248.52,1680790,248.52
2016-04-22,248.52,249.4,246.35,247.23,1140634,247.23
2016-04-23,247.23,257.62,217.97,227.53,2724351,227.53
2016-04-24,227.53,230.05,222.26,224.75,954242,224.75
2016-04-25,224.75,229.97,210.2,215.21,1020184,215.21
2016-04-26,215.21,219.32,203.73,207.7,737875,207.7
2016-04-27,207.7,212.42,194.47,199.0,1459802,199.0
2016-04-28,199.0,214.17,193.88,208.8,1266421,208.8
2016-04-29,208.8,210.09,206.92,208.21,1029986,208.21
2016-04-30,208.21,216.78,204.76,213.25,1503864,213.25
2016-05-01,213.25,214.2,211.46,212.41,937042,212.41
2016-05-02,212.41,221.12,209.51,218.14,1313073,218.14
2016-05-03,218.14,224.1,216.16,222.09,2616468,222.09
2016-05-04,222.09,226.55,220.41,224.85,1289735,224.85
2016-05-05,224.85,241.77,218.79,235.43,1331241,235.43
2016-05-06,235.43,239.33,225.16,228.96,940479,228.96
2016-05-07,228.96,247.86,222.79,241.35,1289145,241.35
2016-05-08,241.35,242.85,237.5,238.98,1725536,238.98
2016-05-09,238.98,245.08,236.93,243.0,1333160,243.0
2016-05-10,243.0,246.4,241.19,244.58,1348969,244.58
2016-05-11,244.58,258.45,239.88,253.57,752081,253.57
2016-05-12,253.57,257.2,246.58,250.16,1311578,250.16
2016-05-13,250.16,255.92,247.66,253.38,818073,253.38
2016-05-14,253.38,253.95,253.17,253.74,1063100,253.74
2016-05-15,253.74,261.34,234.13,241.36,1476885,241.36
2016-05-16,241.36,265.61,233.41,257.15,1972532,257.15
2016-05-17,257.15,257.59,256.87,257.32,1277762,257.32
2016-05-18,257.32,272.68,252.06,267.22,2241731,267.22
2016-05-19,267.22,269.09,262.03,263.87,858336,263.87
2016-05-20,263.87,274.44,259.03,269.49,1348669,269.49
2016-05-21,269.49,281.98,239.04,250.65,1558837,250.65
2016-05-22,250.65,270.66,242.65,262.28,1340718,262.28
2016-05-23,262.28,264.96,261.38,264.06,1560296,264.06
2016-05-24,264.06,268.24,262.58,266.75,1195487,266.75
2016-05-25,266.75,275.51,263.35,272.04,970629,272.04
2016-05-26,272.04,281.23,246.24,254.85,1459729,254.85
2016-05-27,254.85,258.07,245.91,249.05,997875,249.05
2016-05-28,249.05,256.77,226.87,234.12,1858579,234.12
2016-05-29,234.12,239.37,220.94,226.01,1148056,226.01
2016-05-30,226.01,233.06,222.93,229.92,1293488,229.92
2016-05-31,229.92,231.49,225.62,227.17,1708484,227.17
2016-06-01,227.17,232.61,224.95,230.36,1387245,230.36
2016-06-02,230.36,236.0,228.42,234.02,1252261,234.02
2016-06-03,234.02,236.05,233.22,235.25,695933,235.25
2016-06-04,235.25,237.6,234.21,236.55,828257,236.55
2016-06-05,236.55,241.92,234.76,240.1,942699,240.1
2016-06-06,240.1,247.12,236.22,243.18,1009162,243.18
2016-06-07,243.18,248.86,240.74,246.38,1032231,246.38
2016-06-08,246.38,248.8,245.42,247.83,1009738,247.83
2016-06-09,247.83,249.0,246.96,248.13,1340808,248.13
2016-06-10,248.13,260.19,243.28,255.2,1284177,255.2
2016-06-11,255.2,258.16,253.4,256.35,865851,256.35
2016-06-12,256.35,267.8,229.43,240.16,1657099,240.16
2016-06-13,240.16,245.52,226.98,232.16,1554009,232.16
2016-06-14,232.16,250.97,225.1,243.56,982629,243.56
2016-06-15,243.56,258.4,238.73,253.38,1046675,253.38
2016-06-16,253.38,261.61,250.64,258.8,1829784,258.8
2016-06-17,258.8,279.72,251.79,272.34,1320305,272.34
2016-06-18,272.34,288.5,266.72,282.68,1232499,282.68
2016-06-19,282.68,289.39,279.45,286.12,934180,286.12
2016-06-20,286.12,294.08,264.93,272.51,1262775,272.51
2016-06-21,272.51,276.32,261.5,265.21,754790,265.21
2016-06-22,265.21,269.62,254.48,258.78,1209028,258.78
2016-06-23,258.78,261.34,252.74,255.26,764103,255.26
2016-06-24,255.26,269.25,250.67,264.5,932058,264.5
2016-06-25,264.5,271.81,244.02,250.96,1148713,250.96
2016-06-26,250.96,261.11,246.97,257.02,908642,257.02
2016-06-27,257.02,272.28,251.85,266.92,1013473,266.92
2016-06-28,266.92,269.41,260.04,262.49,1023056,262.49
2016-06-29,262.49,281.02,253.92,272.14,1790319,272.14
2016-06-30,272.14,275.08,271.08,274.01,958098,274.01
2016-07-01,274.01,284.68,270.29,280.86,1778224,280.86
2016-07-02,280.86,300.15,274.51,293.51,1398113,293.51
2016-07-03,293.51,299.36,290.99,296.81,1119578,296.81
2016-07-04,296.81,300.35,287.57,291.04,1454558,291.04
2016-07-05,291.04,314.59,282.88,306.01,1332783,306.01
2016-07-06,306.01,309.29,297.55,300.78,993360,300.78
2016-07-07,300.78,301.91,298.24,299.37,880709,299.37
2016-07-08,299.37,303.26,298.01,301.89,1256797,301.89
2016-07-09,301.89,311.55,298.37,307.96,2204064,307.96
2016-07-10,307.96,315.57,290.21,297.56,990347,297.56
2016-07-11,297.56,297.77,297.22,297.42,837378,297.42
2016-07-12,297.42,299.45,293.13,295.14,1723878,295.14
2016-07-13,295.14,302.76,292.02,299.6,2213663,299.6
2016-07-14,299.6,306.53,279.45,286.07,1719095,286.07
2016-07-15,286.07,289.78,281.57,285.28,553539,285.28
2016-07-16,285.28,289.96,283.41,288.08,1194610,288.08
2016-07-17,288.08,312.67,280.0,304.15,1572519,304.15
2016-07-18,304.15,333.61,293.22,322.04,1875167,322.04
2016-07-19,322.04,332.27,317.04,327.19,1539361,327.19
2016-07-20,327.19,333.05,310.29,315.95,1596180,315.95
2016-07-21,315.95,330.39,311.11,325.4,1190341,325.4
2016-07-22,325.4,330.31,312.51,317.29,1229674,317.29
2016-07-23,317.29,320.79,308.09,311.53,651861,311.53
2016-07-24,311.53,323.97,307.35,319.68,1597127,319.68
2016-07-25,319.68,322.26,312.23,314.78,681244,314.78
2016-07-26,314.78,324.26,310.16,319.57,1209191,319.57
2016-07-27,319.57,331.08,314.72,326.13,860888,326.13
2016-07-28,326.13,331.52,312.94,318.19,1114012,318.19
2016-07-29,318.19,323.94,303.39,308.97,1901671,308.97
2016-07-30,308.97,341.15,298.63,330.11,2189349,330.11
2016-07-31,330.11,332.24,324.61,326.72,1589607,326.72
2016-08-01,326.72,327.96,324.64,325.88,1091344,325.88
2016-08-02,325.88,332.59,307.25,313.71,2336404,313.71
2016-08-03,313.71,325.36,308.62,320.16,1739847,320.16
2016-08-04,320.16,320.7,319.65,320.19,1511540,320.19
2016-08-05,320.19,327.76,317.37,324.89,1027920,324.89
2016-08-06,324.89,331.88,322.39,329.34,1412857,329.34
2016-08-07,329.34,331.79,328.16,330.61,978801,330.61
2016-08-08,330.61,332.01,326.55,327.93,744589,327.93
2016-08-09,327.93,335.68,324.87,332.57,1039487,332.57
2016-08-10,332.57,337.54,318.0,322.82,1400166,322.82
2016-08-11,322.82,327.97,320.0,325.13,1062159,325.13
2016-08-12,325.13,343.08,319.13,336.88,634925,336.88
2016-08-13,336.88,342.88,333.56,339.54,699803,339.54
2016-08-14,339.54,343.16,338.17,341.78,1803077,341.78
2016-08-15,341.78,344.61,337.97,340.8,500397,340.8
2016-08-16,340.8,347.68,321.51,328.13,956934,328.13
2016-08-17,328.13,332.0,319.45,323.26,1144619,323.26
2016-08-18,323.26,334.78,292.81,303.62,1749409,303.62
2016-08-19,303.62,318.11,298.27,312.59,1766368,312.59
2016-08-20,312.59,319.56,310.07,317.01,1419394,317.01
2016-08-21,317.01,323.19,298.97,304.92,1561614,304.92
2016-08-22,304.92,324.4,296.87,316.06,949890,316.06
2016-08-23,316.06,331.7,309.78,325.25,1364160,325.25
2016-08-24,325.25,331.06,310.88,316.54,797592,316.54
2016-08-25,316.54,321.78,301.37,306.45,2076592,306.45
2016-08-26,306.45,310.71,304.86,309.11,844684,309.11
2016-08-27,309.11,315.61,306.15,312.61,1328047,312.61
2016-08-28,312.61,317.09,300.79,305.16,1418625,305.16
2016-08-29,305.16,317.4,299.67,311.79,1504030,311.79
2016-08-30,311.79,316.8,298.96,303.84,1841919,303.84
2016-08-31,303.84,317.52,299.19,312.74,1132805,312.74
2016-09-01,312.74,318.59,296.94,302.6,1539093,302.6
2016-09-02,302.6,306.76,292.38,296.46,1271161,296.46
2016-09-03,296.46,297.34,295.97,296.85,1128842,296.85
2016-09-04,296.85,297.16,296.29,296.59,1371218,296.59
2016-09-05,296.59,298.3,293.34,295.03,1480308,295.03
2016-09-06,295.03,297.68,287.53,290.13,1163571,290.13
2016-09-07,290.13,293.29,288.71,291.87,1159699,291.87
2016-09-08,291.87,293.65,286.92,288.68,1032986,288.68
2016-09-09,288.68,298.54,285.35,295.15,1266492,295.15
2016-09-10,295.15,298.03,286.69,289.52,1583970,289.52
2016-09-11,289.52,290.14,289.03,289.65,975157,289.65
2016-09-12,289.65,297.63,286.83,294.75,845710,294.75
2016-09-13,294.75,302.1,291.54,298.85,821818,298.85
2016-09-14,298.85,305.14,281.67,287.72,767558,287.72
2016-09-15,287.72,299.11,283.96,295.24,1167222,295.24
2016-09-16,295.24,312.97,288.53,306.01,1018843,306.01
2016-09-17,306.01,311.67,293.96,299.51,1038351,299.51
2016-09-18,299.51,304.03,297.4,301.91,1020460,301.91
2016-09-19,301.91,319.09,295.64,312.6,1456207,312.6
2016-09-20,312.6,312.94,311.89,312.22,892741,312.22
2016-09-21,312.22,327.81,307.05,322.48,1461568,322.48
2016-09-22,322.48,325.92,316.5,319.92,1078153,319.92
2016-09-23,319.92,320.55,318.27,318.9,1408814,318.9
2016-09-24,318.9,324.02,317.08,322.18,1363004,322.18
2016-09-25,322.18,328.96,318.22,324.97,992756,324.97
2016-09-26,324.97,330.01,312.12,317.04,1243781,317.04
2016-09-27,317.04,321.04,307.11,311.03,1305439,311.03
2016-09-28,311.03,314.96,305.41,309.31,1130452,309.31
2016-09-29,309.31,314.07,295.92,300.55,1263639,300.55
2016-09-30,300.55,305.75,290.43,295.54,927623,295.54
2016-10-01,295.54,296.76,292.19,293.39,819322,293.39
2016-10-02,293.39,295.2,289.07,290.87,1125143,290.87
2016-10-03,290.87,295.49,288.72,293.32,945425,293.32
2016-10-04,293.32,293.77,292.96,293.41,1116029,293.41
2016-10-05,293.41,294.45,292.05,293.08,973639,293.08
2016-10-06,293.08,298.32,291.33,296.55,619367,296.55
2016-10-07,296.55,311.98,290.33,305.57,1228484,305.57
2016-10-08,305.57,315.12,302.41,311.89,1381442,311.89
2016-10-09,311.89,314.72,306.05,308.85,1307115,308.85
2016-10-10,308.85,314.21,306.94,312.28,1080795,312.28
2016-10-11,312.28,316.34,310.22,314.27,1174320,314.27
2016-10-12,314.27,325.81,309.83,321.28,2855597,321.28
2016-10-13,321.28,322.97,317.74,319.41,935012,319.41
2016-10-14,319.41,379.45,300.66,358.4,2081873,358.4
2016-10-15,358.4,359.95,353.99,355.53,1200698,355.53
2016-10-16,355.53,360.17,352.87,357.51,985142,357.51
2016-10-17,357.51,379.32,349.09,370.6,1366089,370.6
2016-10-18,370.6,375.41,357.88,362.59,1061000,362.59
2016-10-19,362.59,374.96,356.68,368.95,1388710,368.95
2016-10-20,368.95,371.72,362.66,365.41,1579305,365.41
2016-10-21,365.41,371.33,349.44,355.21,1634082,355.21
2016-10-22,355.21,360.53,341.05,346.23,1095473,346.23
2016-10-23,346.23,349.6,340.63,343.96,1307437,343.96
2016-10-24,343.96,346.27,343.01,345.32,1277838,345.32
2016-10-25,345.32,355.9,341.02,351.52,2238829,351.52
2016-10-26,351.52,361.82,347.28,357.5,972173,357.5
2016-10-27,357.5,361.73,347.87,352.03,1105695,352.03
2016-10-28,352.03,367.99,345.85,361.64,1351962,361.64
2016-10-29,361.64,378.36,355.76,372.3,1450009,372.3
2016-10-30,372.3,394.0,365.25,386.67,1485918,386.67
2016-10-31,386.67,398.81,358.63,370.25,1303198,370.25
2016-11-01,370.25,371.93,365.66,367.33,1029321,367.33
2016-11-02,367.33,373.85,364.06,370.54,1116401,370.54
2016-11-03,370.54,372.07,367.2,368.71,937241,368.71
2016-11-04,368.71,368.89,368.38,368.56,991144,368.56
2016-11-05,368.56,375.27,349.78,356.26,2817959,356.26
2016-11-06,356.26,359.57,355.11,358.41,1124424,358.41
2016-11-07,358.41,360.34,354.12,356.04,929280,356.04
2016-11-08,356.04,365.76,352.12,361.79,1761118,361.79
2016-11-09,361.79,367.77,348.72,354.59,973002,354.59
2016-11-10,354.59,358.59,343.67,347.59,848379,347.59
2016-11-11,347.59,355.89,324.53,332.47,1430847,332.47
2016-11-12,332.47,345.78,326.44,339.62,1115156,339.62
2016-11-13,339.62,365.83,330.37,356.13,1127812,356.13
2016-11-14,356.13,363.27,353.58,360.7,973016,360.7
2016-11-15,360.7,360.95,360.02,360.27,456434,360.27
2016-11-16,360.27,361.01,359.19,359.93,611676,359.93
2016-11-17,359.93,368.33,339.96,348.08,2098200,348.08
2016-11-18,348.08,377.59,337.59,366.54,1680229,366.54
2016-11-19,366.54,368.5,361.58,363.52,492821,363.52
2016-11-20,363.52,365.43,359.55,361.45,1087203,361.45
2016-11-21,361.45,362.62,358.78,359.94,1209006,359.94
2016-11-22,359.94,364.88,350.98,355.86,870606,355.86
2016-11-23,355.86,360.0,353.52,357.64,769040,357.64
2016-11-24,357.64,366.38,334.87,343.25,2066313,343.25
2016-11-25,343.25,348.25,328.56,333.41,1804972,333.41
2016-11-26,333.41,340.11,330.69,337.36,438638,337.36
2016-11-27,337.36,342.41,326.4,331.35,814672,331.35
2016-11-28,331.35,343.62,326.27,338.44,1034587,338.44
2016-11-29,338.44,340.48,332.76,334.78,1002006,334.78
2016-11-30,334.78,350.38,328.91,344.34,921167,344.34
2016-12-01,344.34,355.19,340.72,351.49,1280874,351.49
2016-12-02,351.49,353.89,347.94,350.33,1178806,350.33
2016-12-03,350.33,366.12,345.1,360.74,1655267,360.74
2016-12-04,360.74,372.81,355.82,367.8,1167353,367.8
2016-12-05,367.8,377.61,364.41,374.16,1275462,374.16
2016-12-06,374.16,377.67,366.97,370.45,984977,370.45
2016-12-07,370.45,372.37,365.4,367.31,1041648,367.31
2016-12-08,367.31,380.1,362.96,375.65,1451420,375.65
2016-12-09,375.65,404.82,364.33,392.98,1673064,392.98
2016-12-10,392.98,401.53,389.26,397.77,1564425,397.77
2016-12-11,397.77,402.01,390.05,394.26,867353,394.26
2016-12-12,394.26,400.78,376.65,382.98,2770153,382.98
2016-12-13,382.98,385.62,375.39,377.99,1427677,377.99
2016-12-14,377.99,398.03,371.35,391.16,1551818,391.16
2016-12-15,391.16,398.18,376.22,383.1,1509397,383.1
2016-12-16,383.1,391.41,359.49,367.46,1870437,367.46
2016-12-17,367.46,370.27,363.11,365.92,747850,365.92
2016-12-18,365.92,369.1,358.33,361.47,1125458,361.47
2016-12-19,361.47,363.1,358.94,360.56,977563,360.56
2016-12-20,360.56,368.49,356.75,364.64,946286,364.64
2016-12-21,364.64,368.3,363.14,366.8,878679,366.8
2016-12-22,366.8,370.07,358.61,361.83,1096526,361.83
2016-12-23,361.83,362.31,360.62,361.1,1139040,361.1
2016-12-24,361.1,368.12,356.75,363.74,805274,363.74
2016-12-25,363.74,366.24,358.11,360.59,878941,360.59
2016-12-26,360.59,372.25,332.99,344.12,1836145,344.12
2016-12-27,344.12,352.59,340.62,349.04,970919,349.04
2016-12-28,349.04,366.02,343.4,360.2,831671,360.2
2016-12-29,360.2,361.71,359.41,360.92,932510,360.92
2016-12-30,360.92,361.8,359.15,360.03,962350,360.03
2016-12-31,360.03,364.29,352.32,356.54,686845,356.54
2017-01-01,356.54,358.54,351.55,353.54,990056,353.54
2017-01-02,353.54,354.34,351.72,352.52,1130743,352.52
2017-01-03,352.52,355.31,345.77,348.52,2061877,348.52
2017-01-04,348.52,352.29,337.7,341.39,883480,341.39
2017-01-05,341.39,343.21,340.55,342.37,1142722,342.37
2017-01-06,342.37,345.14,334.49,337.22,728393,337.22
2017-01-07,337.22,337.34,336.9,337.02,1066509,337.02
2017-01-08,337.02,343.98,318.4,325.11,2409306,325.11
2017-01-09,325.11,334.93,321.21,330.96,1109527,330.96
2017-01-10,330.96,343.62,326.01,338.56,802380,338.56
2017-01-11,338.56,343.2,336.12,340.74,643852,340.74
2017-01-12,340.74,345.34,331.22,335.75,1440664,335.75
2017-01-13,335.75,345.85,331.6,341.62,1011439,341.62
2017-01-14,341.62,354.09,336.83,349.19,1484078,349.19
2017-01-15,349.19,350.21,346.36,347.38,1886647,347.38
2017-01-16,347.38,349.3,346.69,348.61,934844,348.61
2017-01-17,348.61,353.22,337.44,341.97,1344857,341.97
2017-01-18,341.97,344.84,336.2,339.05,723447,339.05
2017-01-19,339.05,340.64,334.66,336.23,643701,336.23
2017-01-20,336.23,339.32,327.65,330.69,1395320,330.69
2017-01-21,330.69,334.88,328.89,333.07,589371,333.07
2017-01-22,333.07,333.71,331.45,332.09,1653475,332.09
2017-01-23,332.09,336.57,324.6,329.04,1441850,329.04
2017-01-24,329.04,330.41,328.24,329.6,969543,329.6
2017-01-25,329.6,333.5,319.38,323.2,754974,323.2
2017-01-26,323.2,326.91,321.91,325.62,1290583,325.62
2017-01-27,325.62,332.55,322.18,329.08,892841,329.08
2017-01-28,329.08,331.05,328.37,330.33,1504979,330.33
2017-01-29,330.33,333.37,322.42,325.41,767645,325.41
2017-01-30,325.41,328.22,319.24,322.02,975983,322.02
2017-01-31,322.02,335.45,317.52,330.83,801858,330.83
2017-02-01,330.83,331.44,329.26,329.88,1253370,329.88
2017-02-02,329.88,332.8,324.64,327.54,1002377,327.54
2017-02-03,327.54,328.44,325.03,325.93,1135421,325.93
2017-02-04,325.93,328.88,324.65,327.6,2030364,327.6
2017-02-05,327.6,329.03,326.68,328.11,620841,328.11
2017-02-06,328.11,329.32,325.05,326.25,578612,326.25
2017-02-07,326.25,327.09,324.11,324.95,723945,324.95
2017-02-08,324.95,332.46,322.36,329.84,609356,329.84
2017-02-09,329.84,333.29,327.78,331.22,1066505,331.22
2017-02-10,331.22,334.13,329.35,332.25,937068,332.25
2017-02-11,332.25,333.83,328.84,330.41,1154721,330.41
2017-02-12,330.41,330.88,329.09,329.56,1068572,329.56
2017-02-13,329.56,333.95,327.62,332.0,1095454,332.0
2017-02-14,332.0,334.28,325.35,327.61,1350154,327.61
2017-02-15,327.61,330.46,326.64,329.49,639673,329.49
2017-02-16,329.49,336.76,326.52,333.75,961129,333.75
2017-02-17,333.75,345.16,329.19,340.51,1040823,340.51
2017-02-18,340.51,344.45,328.95,332.81,1163629,332.81
2017-02-19,332.81,333.68,331.59,332.47,766914,332.47
2017-02-20,332.47,336.22,330.35,334.09,1267744,334.09
2017-02-21,334.09,337.43,332.88,336.22,1049817,336.22
2017-02-22,336.22,346.38,332.34,342.44,1254720,342.44
2017-02-23,342.44,344.54,336.25,338.33,1173487,338.33
2017-02-24,338.33,344.41,333.66,339.72,894660,339.72
2017-02-25,339.72,341.2,337.42,338.9,540301,338.9
2017-02-26,338.9,342.18,331.84,335.08,749719,335.08
2017-02-27,335.08,339.27,323.91,328.01,1730224,328.01
2017-02-28,328.01,330.14,327.28,329.4,916323,329.4
2017-03-01,329.4,330.19,328.25,329.05,1559782,329.05
2017-03-02,329.05,329.31,328.89,329.15,934816,329.15
2017-03-03,329.15,329.94,327.05,327.83,945035,327.83
2017-03-04,327.83,329.99,326.71,328.87,875724,328.87
2017-03-05,328.87,336.07,326.06,333.23,1264909,333.23
2017-03-06,333.23,337.82,331.24,335.82,957827,335.82
2017-03-07,335.82,337.71,331.19,333.06,842914,333.06
2017-03-08,333.06,347.27,328.36,342.44,1187724,342.44
2017-03-09,342.44,346.88,340.24,344.67,1011346,344.67
2017-03-10,344.67,345.08,343.86,344.27,975211,344.27
2017-03-11,344.27,346.45,338.11,340.27,1237888,340.27
2017-03-12,340.27,343.11,337.39,340.23,936387,340.23
2017-03-13,340.23,343.6,338.81,342.18,1615138,342.18
2017-03-14,342.18,356.16,337.28,351.13,910317,351.13
2017-03-15,351.13,358.68,348.46,355.97,1157097,355.97
2017-03-16,355.97,361.14,342.86,347.91,1110990,347.91
2017-03-17,347.91,354.49,345.65,352.2,1128669,352.2
2017-03-18,352.2,369.2,344.72,361.52,1815470,361.52
2017-03-19,361.52,369.69,357.32,365.44,854734,365.44
2017-03-20,365.44,371.33,363.07,368.93,719579,368.93
2017-03-21,368.93,370.66,365.66,367.38,704028,367.38
2017-03-22,367.38,380.59,362.96,376.06,741345,376.06
2017-03-23,376.06,380.7,373.74,378.37,1048522,378.37
2017-03-24,378.37,388.86,373.04,383.45,599986,383.45
2017-03-25,383.45,384.06,381.72,382.34,1121371,382.34
2017-03-26,382.34,390.02,366.44,373.96,1067284,373.96
2017-03-27,373.96,378.94,361.66,366.55,1278298,366.55
2017-03-28,366.55,384.55,359.35,377.14,1832422,377.14
2017-03-29,377.14,382.29,364.4,369.45,1480372,369.45
2017-03-30,369.45,370.42,366.64,367.61,784498,367.61
2017-03-31,367.61,379.01,363.68,374.99,1432184,374.99
2017-04-01,374.99,377.58,367.99,370.54,673110,370.54
2017-04-02,370.54,374.85,368.19,372.49,868751,372.49
2017-04-03,372.49,384.48,367.91,379.81,893838,379.81
2017-04-04,379.81,383.78,378.3,382.26,1762010,382.26
2017-04-05,382.26,393.03,378.66,389.35,1310043,389.35
2017-04-06,389.35,417.9,379.33,407.4,1471514,407.4
2017-04-07,407.4,408.74,405.54,406.88,1386163,406.88
2017-04-08,406.88,411.13,399.37,403.59,898331,403.59
2017-04-09,403.59,409.2,400.59,406.18,1033800,406.18
2017-04-10,406.18,408.12,402.42,404.36,1356432,404.36
2017-04-11,404.36,418.9,398.62,413.04,730409,413.04
2017-04-12,413.04,414.98,409.54,411.47,742576,411.47
2017-04-13,411.47,415.46,400.77,404.69,1447467,404.69
2017-04-14,404.69,410.95,402.42,408.65,999413,408.65
2017-04-15,408.65,410.27,405.61,407.22,942513,407.22
2017-04-16,407.22,410.25,406.18,409.21,1628688,409.21
2017-04-17,409.21,443.35,398.01,431.55,1117936,431.55
2017-04-18,431.55,436.22,429.82,434.48,776336,434.48
2017-04-19,434.48,441.74,416.55,423.64,1576851,423.64
2017-04-20,423.64,430.44,410.53,417.23,1051758,417.23
2017-04-21,417.23,426.74,413.58,423.03,1318313,423.03
2017-04-22,423.03,446.92,414.6,438.19,2572204,438.19
2017-04-23,438.19,440.65,432.4,434.85,599088,434.85
2017-04-24,434.85,436.48,430.07,431.69,860174,431.69
2017-04-25,431.69,434.65,424.41,427.34,990204,427.34
2017-04-26,427.34,428.5,426.83,427.99,742179,427.99
2017-04-27,427.99,430.83,420.17,422.97,1991490,422.97
2017-04-28,422.97,427.37,413.18,417.52,562659,417.52
2017-04-29,417.52,423.02,414.8,420.28,1093304,420.28
2017-04-30,420.28,428.05,404.15,411.76,1410392,411.76
2017-05-01,411.76,415.62,410.46,414.32,1698909,414.32
2017-05-02,414.32,415.53,413.73,414.95,1069323,414.95
2017-05-03,414.95,429.95,408.28,423.15,1049600,423.15
2017-05-04,423.15,435.2,418.02,429.98,991983,429.98
2017-05-05,429.98,433.18,422.43,425.6,1345904,425.6
2017-05-06,425.6,432.02,407.85,414.09,892256,414.09
2017-05-07,414.09,416.2,413.15,415.26,1396609,415.26
2017-05-08,415.26,415.68,414.48,414.9,1023252,414.9
2017-05-09,414.9,423.68,394.39,402.91,1205965,402.91
2017-05-10,402.91,406.29,401.58,404.96,1275667,404.96
2017-05-11,404.96,410.99,401.47,407.48,932224,407.48
2017-05-12,407.48,421.47,401.63,415.51,738336,415.51
2017-05-13,415.51,422.07,396.98,403.35,1750444,403.35
2017-05-14,403.35,405.62,397.86,400.11,1141017,400.11
2017-05-15,400.11,407.73,397.23,404.82,2114866,404.82
2017-05-16,404.82,412.05,401.82,409.02,990695,409.02
2017-05-17,409.02,413.22,396.91,401.03,1336453,401.03
2017-05-18,401.03,403.78,394.63,397.35,988601,397.35
2017-05-19,397.35,398.91,392.72,394.26,1561627,394.26
2017-05-20,394.26,396.88,391.29,393.91,663799,393.91
2017-05-21,393.91,397.46,384.42,387.92,1521761,387.92
2017-05-22,387.92,400.26,383.0,395.25,1690782,395.25
2017-05-23,395.25,398.98,386.65,390.33,805191,390.33
2017-05-24,390.33,408.13,345.27,361.77,2554518,361.77
2017-05-25,361.77,364.93,353.8,356.91,2133568,356.91
2017-05-26,356.91,361.48,354.23,358.78,627228,358.78
2017-05-27,358.78,370.5,354.87,366.5,1576068,366.5
2017-05-28,366.5,368.82,360.62,362.91,1196731,362.91
2017-05-29,362.91,390.09,351.41,378.1,1464886,378.1
2017-05-30,378.1,381.94,376.71,380.54,1157002,380.54
2017-05-31,380.54,388.3,358.7,366.17,1027618,366.17
2017-06-01,366.17,368.31,361.38,363.5,1415231,363.5
2017-06-02,363.5,364.98,360.1,361.58,1316910,361.58
2017-06-03,361.58,393.47,351.26,382.56,2728669,382.56
2017-06-04,382.56,404.72,373.07,394.91,1081348,394.91
2017-06-05,394.91,399.81,380.68,385.46,1558421,385.46
2017-06-06,385.46,387.96,381.2,383.69,1263376,383.69
2017-06-07,383.69,389.73,372.75,378.72,1240040,378.72
2017-06-08,378.72,383.7,365.61,370.49,997358,370.49
2017-06-09,370.49,379.59,367.21,376.26,1388365,376.26
2017-06-10,376.26,396.87,369.15,389.51,2520689,389.51
2017-06-11,389.51,405.05,383.44,398.84,1336420,398.84
2017-06-12,398.84,406.06,384.13,391.21,488169,391.21
2017-06-13,391.21,392.53,390.37,391.69,799930,391.69
2017-06-14,391.69,395.41,381.84,385.5,1299896,385.5
2017-06-15,385.5,410.0,376.85,401.0,1298292,401.0
2017-06-16,401.0,430.86,388.85,418.19,1617181,418.19
2017-06-17,418.19,420.39,413.41,415.59,732879,415.59
2017-06-18,415.59,419.81,410.09,414.29,1022768,414.29
2017-06-19,414.29,420.17,399.34,405.09,1082020,405.09
2017-06-20,405.09,405.95,402.55,403.41,1068121,403.41
2017-06-21,403.41,407.55,401.92,406.05,946982,406.05
2017-06-22,406.05,411.66,389.61,395.07,1816234,395.07
2017-06-23,395.07,408.31,359.62,372.09,1947944,372.09
2017-06-24,372.09,373.35,371.33,372.58,969521,372.58
2017-06-25,372.58,376.29,364.39,368.05,2301158,368.05
2017-06-26,368.05,372.41,366.07,370.41,1851773,370.41
2017-06-27,370.41,374.59,363.77,367.92,966097,367.92
2017-06-28,367.92,374.21,352.25,358.38,1408935,358.38
2017-06-29,358.38,384.98,349.27,375.43,881909,375.43
2017-06-30,375.43,382.14,373.1,379.79,735296,379.79
2017-07-01,379.79,387.44,358.76,366.14,943535,366.14
2017-07-02,366.14,368.33,361.38,363.55,1553394,363.55
2017-07-03,363.55,368.51,360.57,365.51,820524,365.51
2017-07-04,365.51,381.73,359.53,375.59,1088910,375.59
2017-07-05,375.59,379.06,365.42,368.83,2268978,368.83
2017-07-06,368.83,372.67,357.74,361.51,1026092,361.51
2017-07-07,361.51,364.18,353.87,356.5,999109,356.5
2017-07-08,356.5,360.53,347.39,351.36,1501187,351.36
2017-07-09,351.36,354.15,344.1,346.86,1755218,346.86
2017-07-10,346.86,350.56,343.78,347.48,835203,347.48
2017-07-11,347.48,355.5,331.98,339.83,1346396,339.83
2017-07-12,339.83,341.32,336.15,337.64,795709,337.64
2017-07-13,337.64,341.56,327.72,331.57,1410806,331.57
2017-07-14,331.57,331.95,331.36,331.74,667809,331.74
2017-07-15,331.74,332.99,328.52,329.76,1274063,329.76
2017-07-16,329.76,330.72,329.27,330.23,1539231,330.23
2017-07-17,330.23,333.0,327.67,330.44,736710,330.44
2017-07-18,330.44,348.8,324.34,342.48,1164352,342.48
2017-07-19,342.48,343.25,341.25,342.02,544954,342.02
2017-07-20,342.02,345.54,332.13,335.59,1123327,335.59
2017-07-21,335.59,339.21,329.95,333.55,1834460,333.55
2017-07-22,333.55,334.38,331.69,332.52,991547,332.52
2017-07-23,332.52,334.35,327.27,329.09,1665773,329.09
2017-07-24,329.09,339.63,301.92,311.92,1612163,311.92
2017-07-25,311.92,314.72,304.54,307.3,1082313,307.3
2017-07-26,307.3,313.5,289.23,295.18,767069,295.18
2017-07-27,295.18,298.72,293.79,297.31,1365522,297.31
2017-07-28,297.31,298.77,296.51,297.97,947507,297.97
2017-07-29,297.97,302.69,286.23,290.84,1551562,290.84
2017-07-30,290.84,291.41,290.26,290.83,1530830,290.83
2017-07-31,290.83,291.52,289.42,290.11,942877,290.11
2017-08-01,290.11,291.66,288.0,289.55,886752,289.55
2017-08-02,289.55,294.29,276.46,281.06,1283867,281.06
2017-08-03,281.06,284.69,279.4,283.01,1332441,283.01
2017-08-04,283.01,296.37,278.13,291.34,1262303,291.34
2017-08-05,291.34,298.39,275.1,281.92,1586154,281.92
2017-08-06,281.92,284.95,280.82,283.84,1386668,283.84
2017-08-07,283.84,284.81,283.16,284.13,593032,284.13
2017-08-08,284.13,285.78,283.42,285.06,1134552,285.06
2017-08-09,285.06,289.9,281.97,286.79,670247,286.79
2017-08-10,286.79,288.91,284.36,286.48,1162832,286.48
2017-08-11,286.48,287.84,283.58,284.93,1044483,284.93
2017-08-12,284.93,285.48,284.35,284.89,892629,284.89
2017-08-13,284.89,288.11,282.86,286.06,1093952,286.06
2017-08-14,286.06,290.32,284.41,288.65,1565689,288.65
2017-08-15,288.65,297.58,284.87,293.73,1155512,293.73
2017-08-16,293.73,295.2,292.84,294.31,910129,294.31
2017-08-17,294.31,300.9,292.08,298.63,804439,298.63
2017-08-18,298.63,308.36,295.34,305.0,674159,305.0
2017-08-19,305.0,305.27,304.2,304.47,1592993,304.47
2017-08-20,304.47,309.8,292.53,297.75,933155,297.75
2017-08-21,297.75,308.96,293.3,304.42,881404,304.42
2017-08-22,304.42,318.28,299.11,312.82,1590253,312.82
2017-08-23,312.82,328.91,307.5,323.4,1360423,323.4
2017-08-24,323.4,325.69,322.6,324.88,904225,324.88
2017-08-25,324.88,329.66,311.18,315.83,741292,315.83
2017-08-26,315.83,318.3,308.71,311.14,1000963,311.14
2017-08-27,311.14,320.31,286.75,295.46,2068166,295.46
2017-08-28,295.46,296.82,292.02,293.37,1247110,293.37
2017-08-29,293.37,298.84,290.97,296.42,1078621,296.42
2017-08-30,296.42,318.94,288.91,311.06,1605358,311.06
2017-08-31,311.06,320.92,307.23,317.01,1102367,317.01
2017-09-01,317.01,317.59,316.4,316.98,1526572,316.98
2017-09-02,316.98,326.78,313.21,322.94,1224305,322.94
2017-09-03,322.94,328.64,309.34,314.89,778714,314.89
2017-09-04,314.89,318.72,303.67,307.4,1592173,307.4
2017-09-05,307.4,311.37,295.77,299.64,1325897,299.64
2017-09-06,299.64,302.56,298.46,301.37,1534845,301.37
2017-09-07,301.37,306.96,285.63,291.03,1597490,291.03
2017-09-08,291.03,294.99,279.49,283.36,1149077,283.36
2017-09-09,283.36,288.62,268.0,273.07,1491355,273.07
2017-09-10,273.07,289.09,267.64,283.46,1746413,283.46
2017-09-11,283.46,308.49,274.73,299.28,1913735,299.28
2017-09-12,299.28,303.95,286.19,290.72,1998439,290.72
2017-09-13,290.72,295.7,279.5,284.37,1010409,284.37
2017-09-14,284.37,335.72,267.97,317.42,3163126,317.42
2017-09-15,317.42,334.54,311.76,328.68,1310516,328.68
2017-09-16,328.68,329.75,327.85,328.92,600638,328.92
2017-09-17,328.92,332.07,320.13,323.22,1234349,323.22
2017-09-18,323.22,325.81,315.68,318.23,2411298,318.23
2017-09-19,318.23,336.75,311.72,330.01,1707925,330.01
2017-09-20,330.01,330.49,328.89,329.37,731263,329.37
2017-09-21,329.37,369.73,316.07,355.37,1804357,355.37
2017-09-22,355.37,359.52,344.58,348.64,1350462,348.64
2017-09-23,348.64,354.24,334.53,340.0,2232756,340.0
2017-09-24,340.0,347.06,337.53,344.56,743238,344.56
2017-09-25,344.56,347.51,336.41,339.31,1134220,339.31
2017-09-26,339.31,368.24,329.84,358.24,2539966,358.24
2017-09-27,358.24,399.21,345.09,385.07,1151876,385.07
2017-09-28,385.07,397.61,350.53,362.32,3372247,362.32
2017-09-29,362.32,367.4,350.78,355.76,1045738,355.76
2017-09-30,355.76,356.64,354.32,355.19,1309346,355.19
2017-10-01,355.19,366.1,351.3,362.13,746527,362.13
2017-10-02,362.13,373.98,357.98,369.74,1011299,369.74
2017-10-03,369.74,384.51,364.22,378.85,1381942,378.85
2017-10-04,378.85,384.92,376.84,382.88,989719,382.88
2017-10-05,382.88,391.46,379.1,387.64,1386220,387.64
2017-10-06,387.64,394.32,385.14,391.79,1619731,391.79
2017-10-07,391.79,398.26,376.55,382.87,887746,382.87
2017-10-08,382.87,398.78,375.72,391.47,1604960,391.47
2017-10-09,391.47,403.95,386.46,398.85,1485117,398.85
2017-10-10,398.85,400.38,395.03,396.55,662786,396.55
2017-10-11,396.55,404.39,376.04,383.63,1430958,383.63
2017-10-12,383.63,395.44,379.58,391.31,2175109,391.31
2017-10-13,391.31,394.3,383.81,386.77,933776,386.77
2017-10-14,386.77,401.07,380.53,394.71,814395,394.71
2017-10-15,394.71,397.82,388.52,391.6,1933412,391.6
2017-10-16,391.6,409.24,385.69,403.16,1474653,403.16
2017-10-17,403.16,414.32,397.72,408.81,854989,408.81
2017-10-18,408.81,409.19,408.27,408.66,975579,408.66
2017-10-19,408.66,415.12,390.78,397.06,1562684,397.06
2017-10-20,397.06,405.95,371.41,379.91,1412583,379.91
2017-10-21,379.91,387.86,375.19,383.1,1212644,383.1
2017-10-22,383.1,383.93,382.75,383.59,952546,383.59
2017-10-23,383.59,389.97,380.45,386.8,798464,386.8
2017-10-24,386.8,390.8,385.18,389.18,1487578,389.18
2017-10-25,389.18,394.67,383.69,389.18,923698,389.18
2017-10-26,389.18,392.96,383.69,387.45,503633,387.45
2017-10-27,387.45,389.64,383.19,385.37,807593,385.37
2017-10-28,385.37,388.76,376.6,379.94,1456595,379.94
2017-10-29,379.94,380.87,379.12,380.04,1437421,380.04
2017-10-30,380.04,386.54,377.54,384.02,1612182,384.02
2017-10-31,384.02,386.72,376.84,379.51,621183,379.51
2017-11-01,379.51,382.55,377.86,380.9,1232876,380.9
2017-11-02,380.9,388.15,378.25,385.47,1711021,385.47
2017-11-03,385.47,388.91,376.37,379.76,1325279,379.76
2017-11-04,379.76,381.34,375.9,377.47,896205,377.47
2017-11-05,377.47,380.81,370.44,373.74,1723682,373.74
2017-11-06,373.74,375.33,372.69,374.29,924905,374.29
2017-11-07,374.29,374.74,373.45,373.91,1358374,373.91
2017-11-08,373.91,376.99,372.44,375.52,1222989,375.52
2017-11-09,375.52,381.13,372.65,378.24,1075464,378.24
2017-11-10,378.24,379.09,376.67,377.53,880817,377.53
2017-11-11,377.53,389.03,372.43,383.85,1829569,383.85
2017-11-12,383.85,384.9,383.05,384.1,787611,384.1
2017-11-13,384.1,390.58,381.21,387.66,2458087,387.66
2017-11-14,387.66,388.47,385.72,386.52,1197665,386.52
2017-11-15,386.52,389.3,385.51,388.28,918366,388.28
2017-11-16,388.28,389.01,387.12,387.84,585347,387.84
2017-11-17,387.84,390.73,386.21,389.08,1217447,389.08
2017-11-18,389.08,394.15,378.55,383.55,955037,383.55
2017-11-19,383.55,387.7,380.82,384.96,1713044,384.96
2017-11-20,384.96,392.6,382.17,389.78,1696724,389.78
2017-11-21,389.78,413.95,381.37,405.21,1658889,405.21
2017-11-22,405.21,405.69,404.17,404.64,767622,404.64
2017-11-23,404.64,407.61,399.81,402.77,1547674,402.77
2017-11-24,402.77,403.51,400.63,401.37,1059018,401.37
2017-11-25,401.37,404.23,394.08,396.91,1725547,396.91
2017-11-26,396.91,398.91,391.6,393.59,862269,393.59
2017-11-27,393.59,395.1,389.27,390.77,831126,390.77
2017-11-28,390.77,397.11,387.14,393.46,1204602,393.46
2017-11-29,393.46,397.8,390.45,394.78,832336,394.78
2017-11-30,394.78,396.4,394.07,395.68,1279054,395.68
2017-12-01,395.68,411.69,359.09,374.22,1390845,374.22
2017-12-02,374.22,378.14,362.77,366.61,1836359,366.61
2017-12-03,366.61,367.39,365.45,366.23,692183,366.23
2017-12-04,366.23,370.91,362.7,367.36,712697,367.36
2017-12-05,367.36,374.45,363.5,370.56,1280178,370.56
2017-12-06,370.56,374.0,362.58,365.97,1555676,365.97
2017-12-07,365.97,405.44,353.01,391.56,1617144,391.56
2017-12-08,391.56,396.72,389.47,394.61,1963610,394.61
2017-12-09,394.61,402.49,374.36,381.99,1512307,381.99
2017-12-10,381.99,390.08,359.01,366.78,2091967,366.78
2017-12-11,366.78,372.01,352.8,357.9,1583277,357.9
2017-12-12,357.9,372.29,352.01,366.26,1905403,366.26
2017-12-13,366.26,382.54,321.31,336.26,1163959,336.26
2017-12-14,336.26,344.53,313.04,320.94,2213147,320.94
2017-12-15,320.94,329.63,317.6,326.24,849821,326.24
2017-12-16,326.24,334.15,306.33,313.95,1278988,313.95
2017-12-17,313.95,314.3,312.98,313.33,1769358,313.33
2017-12-18,313.33,315.23,311.9,313.79,787609,313.79
2017-12-19,313.79,316.95,305.16,308.27,1321677,308.27
2017-12-20,308.27,328.13,301.69,321.27,2512997,321.27
2017-12-21,321.27,340.98,314.2,333.64,1624260,333.64
2017-12-22,333.64,347.2,329.19,342.63,1353523,342.63
2017-12-23,342.63,349.37,326.8,333.37,1305889,333.37
2017-12-24,333.37,339.33,321.26,327.11,930979,327.11
2017-12-25,327.11,342.53,321.53,336.78,1659566,336.78
2017-12-26,336.78,364.34,326.77,353.82,1709635,353.82
2017-12-27,353.82,359.37,346.87,352.4,979177,352.4
2017-12-28,352.4,356.58,345.04,349.18,1099390,349.18
2017-12-29,349.18,356.11,346.32,353.22,778750,353.22
2017-12-30,353.22,355.09,350.74,352.62,934764,352.62
2017-12-31,352.62,359.15,350.02,356.52,1163096,356.52
2018-01-01,356.52,357.45,354.75,355.68,968378,355.68
2018-01-02,355.68,356.89,352.84,354.04,1350111,354.04
2018-01-03,354.04,355.28,353.13,354.37,2072150,354.37
2018-01-04,354.37,355.3,352.72,353.65,1515267,353.65
2018-01-05,353.65,359.37,351.62,357.32,1065362,357.32
2018-01-06,357.32,359.05,354.97,356.69,1058569,356.69
2018-01-07,356.69,360.18,348.97,352.42,1484328,352.42
2018-01-08,352.42,356.68,350.04,354.28,995144,354.28
2018-01-09,354.28,355.38,352.35,353.45,1548617,353.45
2018-01-10,353.45,353.78,352.73,353.07,1159566,353.07
2018-01-11,353.07,359.48,350.43,356.81,1004669,356.81
2018-01-12,356.81,360.55,355.17,358.89,764165,358.89
2018-01-13,358.89,360.08,357.79,358.97,922923,358.97
2018-01-14,358.97,364.98,354.15,360.14,974371,360.14
2018-01-15,360.14,361.73,357.06,358.64,1018949,358.64
2018-01-16,358.64,359.55,356.59,357.49,794334,357.49
2018-01-17,357.49,359.37,352.93,354.79,812678,354.79
2018-01-18,354.79,357.6,352.74,355.55,748565,355.55
2018-01-19,355.55,362.64,352.73,359.78,1118920,359.78
2018-01-20,359.78,364.0,357.93,362.14,1288767,362.14
2018-01-21,362.14,363.29,360.85,362.0,1204288,362.0
2018-01-22,362.0,367.02,360.19,365.2,1121044,365.2
2018-01-23,365.2,367.71,364.29,366.8,809683,366.8
2018-01-24,366.8,370.12,364.52,367.83,1451294,367.83
2018-01-25,367.83,371.1,361.64,364.88,742678,364.88
2018-01-26,364.88,367.98,363.02,366.11,1112018,366.11
2018-01-27,366.11,368.03,362.29,364.2,1165315,364.2
2018-01-28,364.2,365.66,362.79,364.24,759789,364.24
2018-01-29,364.24,367.34,361.95,365.05,1034283,365.05
2018-01-30,365.05,366.33,362.48,363.76,745671,363.76
2018-01-31,363.76,372.15,359.01,367.35,1053601,367.35
2018-02-01,367.35,367.95,366.95,367.54,1252305,367.54
2018-02-02,367.54,368.14,365.92,366.52,1200493,366.52
2018-02-03,366.52,368.75,365.64,367.86,1584668,367.86
2018-02-04,367.86,369.17,367.32,368.62,850672,368.62
2018-02-05,368.62,372.05,367.24,370.66,1510943,370.66
2018-02-06,370.66,373.61,369.6,372.55,1164465,372.55
2018-02-07,372.55,374.74,370.74,372.94,1683644,372.94
2018-02-08,372.94,376.31,365.12,368.45,1177666,368.45
2018-02-09,368.45,369.26,366.12,366.93,853566,366.93
2018-02-10,366.93,369.35,362.49,364.9,638102,364.9
2018-02-11,364.9,366.03,361.76,362.88,960222,362.88
2018-02-12,362.88,368.4,354.2,359.67,1041432,359.67
2018-02-13,359.67,367.97,356.74,365.0,1429812,365.0
2018-02-14,365.0,365.67,363.98,364.65,504559,364.65
2018-02-15,364.65,367.08,358.89,361.3,1622381,361.3
2018-02-16,361.3,362.57,359.05,360.31,659078,360.31
2018-02-17,360.31,362.68,356.07,358.43,1165014,358.43
2018-02-18,358.43,362.59,356.83,360.98,1155101,360.98
2018-02-19,360.98,365.25,358.97,363.22,757051,363.22
2018-02-20,363.22,364.26,362.85,363.89,690423,363.89
2018-02-21,363.89,365.95,362.11,364.17,713890,364.17
2018-02-22,364.17,367.2,355.88,358.87,1723616,358.87
2018-02-23,358.87,364.73,354.99,360.83,1340602,360.83
2018-02-24,360.83,364.8,354.69,358.64,1305210,358.64
2018-02-25,358.64,365.41,356.08,362.82,575316,362.82
2018-02-26,362.82,365.16,360.0,362.34,1234748,362.34
2018-02-27,362.34,365.86,353.16,356.63,1142091,356.63
2018-02-28,356.63,357.06,356.07,356.5,863623,356.5
2018-03-01,356.5,357.65,353.12,354.27,973970,354.27
2018-03-02,354.27,356.74,348.82,351.28,1575624,351.28
2018-03-03,351.28,357.89,347.81,354.39,763214,354.39
2018-03-04,354.39,358.23,352.87,356.7,1375275,356.7
2018-03-05,356.7,358.45,353.93,355.68,903199,355.68
2018-03-06,355.68,361.96,353.18,359.44,832210,359.44
2018-03-07,359.44,359.77,358.65,358.98,1682361,358.98
2018-03-08,358.98,366.01,354.73,361.73,919731,361.73
2018-03-09,361.73,363.72,360.23,362.22,849888,362.22
2018-03-10,362.22,364.57,361.21,363.55,1191662,363.55
2018-03-11,363.55,366.24,361.2,363.89,1437967,363.89
2018-03-12,363.89,367.8,357.6,361.49,1561869,361.49
2018-03-13,361.49,365.69,359.64,363.83,1041313,363.83
2018-03-14,363.83,366.31,357.91,360.37,1062951,360.37
2018-03-15,360.37,363.78,356.03,359.43,1201672,359.43
2018-03-16,359.43,363.77,357.99,362.32,1013114,362.32
2018-03-17,362.32,368.77,357.0,363.44,839758,363.44
2018-03-18,363.44,372.15,359.34,368.0,1593945,368.0
2018-03-19,368.0,372.25,361.92,366.15,792256,366.15
2018-03-20,366.15,379.32,361.82,374.89,1005120,374.89
2018-03-21,374.89,375.58,373.1,373.8,1199069,373.8
2018-03-22,373.8,374.37,372.75,373.32,813500,373.32
2018-03-23,373.32,384.11,368.58,379.29,1103136,379.29
2018-03-24,379.29,381.67,374.63,377.0,1250773,377.0
2018-03-25,377.0,379.0,376.09,378.08,1388469,378.08
2018-03-26,378.08,410.3,367.63,399.26,1341872,399.26
2018-03-27,399.26,401.15,394.81,396.68,1411244,396.68
2018-03-28,396.68,400.6,394.69,398.6,1225711,398.6
2018-03-29,398.6,402.07,395.7,399.17,1261233,399.17
2018-03-30,399.17,406.51,396.59,403.9,1102224,403.9
2018-03-31,403.9,409.08,388.64,393.69,939301,393.69
2018-04-01,393.69,395.45,389.4,391.15,1054335,391.15
2018-04-02,391.15,395.16,380.05,383.98,665320,383.98
2018-04-03,383.98,400.53,378.41,394.81,1782258,394.81
2018-04-04,394.81,396.59,389.64,391.41,1931225,391.41
2018-04-05,391.41,412.78,384.13,405.24,1609951,405.24
2018-04-06,405.24,409.61,393.31,397.59,1735140,397.59
2018-04-07,397.59,409.43,372.74,384.17,1596755,384.17
2018-04-08,384.17,391.73,367.6,374.97,1683106,374.97
2018-04-09,374.97,381.63,356.06,362.5,1094078,362.5
2018-04-10,362.5,364.07,359.2,360.76,927956,360.76
2018-04-11,360.76,364.52,350.09,353.77,686726,353.77
2018-04-12,353.77,360.27,351.18,357.65,1051937,357.65
2018-04-13,357.65,358.27,356.07,356.7,780621,356.7
2018-04-14,356.7,372.75,351.28,367.18,960885,367.18
2018-04-15,367.18,385.47,361.07,379.16,1064723,379.16
2018-04-16,379.16,395.1,373.65,389.44,2217297,389.44
2018-04-17,389.44,391.24,387.63,389.43,1035405,389.43
2018-04-18,389.43,407.83,382.59,400.8,1095839,400.8
2018-04-19,400.8,403.87,392.72,395.75,1045071,395.75
2018-04-20,395.75,427.97,385.17,416.83,1658216,416.83
2018-04-21,416.83,432.78,373.52,388.38,1428718,388.38
2018-04-22,388.38,394.56,370.32,376.31,1403189,376.31
2018-04-23,376.31,379.35,369.18,372.19,1051833,372.19
2018-04-24,372.19,382.95,368.13,378.82,852922,378.82
2018-04-25,378.82,389.31,375.27,385.7,1459837,385.7
2018-04-26,385.7,387.98,380.82,383.09,1476529,383.09
2018-04-27,383.09,391.61,380.17,388.65,1225950,388.65
2018-04-28,388.65,417.84,378.92,407.63,892952,407.63
2018-04-29,407.63,434.93,397.73,424.62,1030127,424.62
2018-04-30,424.62,440.87,418.96,435.07,879310,435.07
2018-05-01,435.07,440.7,421.07,426.58,1908065,426.58
2018-05-02,426.58,429.52,418.21,421.11,1854204,421.11
2018-05-03,421.11,430.06,395.91,404.5,1942622,404.5
2018-05-04,404.5,415.38,398.33,409.13,960488,409.13
2018-05-05,409.13,419.2,405.8,415.81,850150,415.81
2018-05-06,415.81,435.37,408.77,428.12,975301,428.12
2018-05-07,428.12,432.56,415.66,420.02,845659,420.02
2018-05-08,420.02,434.24,414.99,429.1,892506,429.1
2018-05-09,429.1,451.04,421.14,442.82,625439,442.82
2018-05-10,442.82,450.81,421.13,428.87,1369447,428.87
2018-05-11,428.87,430.94,425.02,427.09,1210482,427.09
2018-05-12,427.09,435.13,407.36,415.17,1374937,415.17
2018-05-13,415.17,426.73,385.52,396.56,1151951,396.56
2018-05-14,396.56,407.9,364.67,375.42,1126499,375.42
2018-05-15,375.42,387.83,343.5,355.25,1184405,355.25
2018-05-16,355.25,359.84,342.16,346.65,1450059,346.65
2018-05-17,346.65,349.0,340.86,343.19,1053123,343.19
2018-05-18,343.19,354.76,337.48,348.96,1353043,348.96
2018-05-19,348.96,355.25,330.64,336.71,1886884,336.71
2018-05-20,336.71,342.48,322.73,328.36,1239219,328.36
2018-05-21,328.36,357.88,317.35,346.28,1067773,346.28
2018-05-22,346.28,360.66,341.25,355.51,1085259,355.51
2018-05-23,355.51,363.64,351.9,359.98,965440,359.98
2018-05-24,359.98,389.23,349.81,378.54,1741979,378.54
2018-05-25,378.54,397.41,371.85,390.52,1362973,390.52
2018-05-26,390.52,392.32,387.57,389.37,1202616,389.37
2018-05-27,389.37,397.03,367.19,374.56,2117114,374.56
2018-05-28,374.56,396.42,367.08,388.65,1445032,388.65
2018-05-29,388.65,397.63,382.38,391.32,1128573,391.32
2018-05-30,391.32,420.47,380.04,408.69,1446041,408.69
2018-05-31,408.69,414.14,392.95,398.26,1747958,398.26
2018-06-01,398.26,406.71,375.69,383.82,1146272,383.82
2018-06-02,383.82,385.25,381.67,383.09,948619,383.09
2018-06-03,383.09,384.41,381.6,382.93,1062827,382.93
2018-06-04,382.93,399.13,377.06,393.1,1921308,393.1
2018-06-05,393.1,399.04,380.41,386.24,1403993,386.24
2018-06-06,386.24,389.84,383.91,387.49,1302290,387.49
2018-06-07,387.49,421.54,375.73,409.11,1882985,409.11
2018-06-08,409.11,425.45,400.99,417.16,1117823,417.16
2018-06-09,417.16,444.98,407.85,435.26,859685,435.26
2018-06-10,435.26,471.92,421.3,457.25,1584135,457.25
2018-06-11,457.25,470.0,428.25,440.54,1824647,440.54
2018-06-12,440.54,451.63,436.86,447.9,1536315,447.9
2018-06-13,447.9,466.32,438.79,457.04,1073614,457.04
2018-06-14,457.04,463.55,439.37,445.72,1005710,445.72
2018-06-15,445.72,457.72,415.14,426.64,2018754,426.64
2018-06-16,426.64,446.34,419.31,438.81,1038618,438.81
2018-06-17,438.81,445.57,419.33,425.89,1251489,425.89
2018-06-18,425.89,432.37,410.26,416.6,1006393,416.6
2018-06-19,416.6,422.48,406.54,412.37,1435023,412.37
2018-06-20,412.37,423.96,408.16,419.67,1665742,419.67
2018-06-21,419.67,423.61,409.83,413.72,989928,413.72
2018-06-22,413.72,438.94,404.3,429.17,1092020,429.17
2018-06-23,429.17,435.13,412.92,418.73,1920272,418.73
2018-06-24,418.73,424.8,402.34,408.26,1473824,408.26
2018-06-25,408.26,417.14,390.24,398.91,1458843,398.91
2018-06-26,398.91,401.01,396.51,398.61,1144473,398.61
2018-06-27,398.61,418.44,392.12,411.73,1044909,411.73
2018-06-28,411.73,413.8,410.2,412.27,1182478,412.27
2018-06-29,412.27,420.27,408.72,416.67,1122486,416.67
2018-06-30,416.67,436.03,409.34,428.48,933259,428.48
2018-07-01,428.48,447.17,421.23,439.73,1012130,439.73
2018-07-02,439.73,455.58,432.95,448.67,1821441,448.67
2018-07-03,448.67,456.35,431.24,438.75,1984297,438.75
2018-07-04,438.75,445.47,435.99,442.69,1040264,442.69
2018-07-05,442.69,454.44,412.06,423.3,1516924,423.3
2018-07-06,423.3,425.74,420.31,422.75,821929,422.75
2018-07-07,422.75,427.84,420.52,425.6,1525347,425.6
2018-07-08,425.6,448.76,417.42,440.31,1326686,440.31
2018-07-09,440.31,441.53,437.32,438.54,1090354,438.54
2018-07-10,438.54,488.97,422.35,471.56,1576783,471.56
2018-07-11,471.56,505.96,458.74,492.58,1806206,492.58
2018-07-12,492.58,528.06,481.05,515.99,1438261,515.99
2018-07-13,515.99,531.23,510.44,525.58,937794,525.58
2018-07-14,525.58,528.7,516.82,519.91,1256005,519.91
2018-07-15,519.91,535.07,514.8,529.86,2827968,529.86
2018-07-16,529.86,532.8,525.79,528.72,831252,528.72
2018-07-17,528.72,531.51,520.65,523.4,1522468,523.4
2018-07-18,523.4,530.55,503.57,510.54,877948,510.54
2018-07-19,510.54,522.38,505.9,517.67,1259361,517.67
2018-07-20,517.67,518.95,514.37,515.65,1161540,515.65
2018-07-21,515.65,524.39,510.23,518.93,1129000,518.93
2018-07-22,518.93,524.36,514.18,519.61,1249322,519.61
2018-07-23,519.61,532.58,514.71,527.6,1845456,527.6
2018-07-24,527.6,532.5,517.08,521.92,1401608,521.92
2018-07-25,521.92,528.37,519.51,525.94,902114,525.94
2018-07-26,525.94,527.61,524.87,526.54,765881,526.54
2018-07-27,526.54,542.0,519.83,535.17,1158330,535.17
2018-07-28,535.17,541.55,522.71,529.02,1384867,529.02
2018-07-29,529.02,545.01,523.0,538.88,540578,538.88
2018-07-30,538.88,550.42,505.63,516.7,1426020,516.7
2018-07-31,516.7,532.4,505.48,521.09,766186,521.09
2018-08-01,521.09,523.61,513.66,516.16,760973,516.16
2018-08-02,516.16,521.27,502.48,507.51,1373406,507.51
2018-08-03,507.51,514.17,504.85,511.49,1582415,511.49
2018-08-04,511.49,513.28,507.45,509.23,1072676,509.23
2018-08-05,509.23,520.84,505.34,516.9,1428120,516.9
2018-08-06,516.9,530.95,512.25,526.21,1201265,526.21
2018-08-07,526.21,528.47,520.93,523.17,1119501,523.17
2018-08-08,523.17,532.53,519.77,529.09,794669,529.09
2018-08-09,529.09,535.75,511.81,518.34,1319519,518.34
2018-08-10,518.34,533.0,480.94,494.94,1398957,494.94
2018-08-11,494.94,497.9,491.26,494.21,1246674,494.21
2018-08-12,494.21,497.35,488.97,492.09,759850,492.09
2018-08-13,492.09,497.52,478.22,483.55,1351113,483.55
2018-08-14,483.55,497.25,478.59,492.2,599872,492.2
2018-08-15,492.2,493.64,489.53,490.97,906009,490.97
2018-08-16,490.97,496.98,473.61,479.47,1067706,479.47
2018-08-17,479.47,483.26,471.26,475.02,1193073,475.02
2018-08-18,475.02,486.82,470.43,482.16,1423614,482.16
2018-08-19,482.16,491.84,457.98,467.36,1304977,467.36
2018-08-20,467.36,476.72,463.52,472.83,1966631,472.83
2018-08-21,472.83,475.65,468.41,471.22,1530986,471.22
2018-08-22,471.22,478.76,453.0,460.37,1165835,460.37
2018-08-23,460.37,474.05,455.27,468.86,1241203,468.86
2018-08-24,468.86,471.75,461.29,464.15,1332835,464.15
2018-08-25,464.15,466.06,460.31,462.22,1424518,462.22
2018-08-26,462.22,463.6,461.41,462.79,2336249,462.79
2018-08-27,462.79,467.52,460.99,465.72,1146172,465.72
2018-08-28,465.72,471.85,462.67,468.78,687757,468.78
2018-08-29,468.78,474.78,466.49,472.47,723006,472.47
2018-08-30,472.47,490.62,463.7,481.69,1385054,481.69
2018-08-31,481.69,486.81,467.67,472.69,1882806,472.69
2018-09-01,472.69,478.1,457.99,463.29,1076835,463.29
2018-09-02,463.29,464.6,462.2,463.51,1073815,463.51
2018-09-03,463.51,476.03,454.65,467.1,801356,467.1
2018-09-04,467.1,472.12,458.6,463.58,1142949,463.58
2018-09-05,463.58,484.09,456.79,477.1,1315688,477.1
2018-09-06,477.1,482.5,463.16,468.46,980307,468.46
2018-09-07,468.46,478.42,464.47,474.37,948830,474.37
2018-09-08,474.37,479.79,472.1,477.51,1888823,477.51
2018-09-09,477.51,481.68,471.39,475.55,1515314,475.55
2018-09-10,475.55,481.87,461.11,467.32,1047863,467.32
2018-09-11,467.32,478.23,461.0,471.84,1359978,471.84
2018-09-12,471.84,492.04,464.92,484.93,1211128,484.93
2018-09-13,484.93,490.59,474.12,479.72,891907,479.72
2018-09-14,479.72,482.62,471.07,473.94,972430,473.94
2018-09-15,473.94,489.06,467.86,482.86,480221,482.86
2018-09-16,482.86,492.0,479.48,488.58,938429,488.58
2018-09-17,488.58,504.6,482.14,498.04,1425559,498.04
2018-09-18,498.04,502.88,496.3,501.13,682548,501.13
2018-09-19,501.13,504.08,492.82,495.75,1099348,495.75
2018-09-20,495.75,506.97,491.82,502.99,923558,502.99
2018-09-21,502.99,522.35,493.88,513.06,1396779,513.06
2018-09-22,513.06,522.98,509.11,518.98,764493,518.98
2018-09-23,518.98,523.6,508.52,513.09,1835780,513.09
2018-09-24,513.09,523.32,508.71,518.89,1707474,518.89
2018-09-25,518.89,523.67,510.42,515.17,1822011,515.17
2018-09-26,515.17,520.21,500.78,505.74,1075894,505.74
2018-09-27,505.74,523.85,498.57,516.53,1173119,516.53
2018-09-28,516.53,516.93,515.59,515.99,1008805,515.99
2018-09-29,515.99,534.55,509.86,528.27,1416863,528.27
2018-09-30,528.27,537.53,523.42,532.64,904690,532.64
2018-10-01,532.64,537.53,518.95,523.76,919339,523.76
2018-10-02,523.76,529.86,510.0,516.01,1773025,516.01
2018-10-03,516.01,526.51,512.44,522.89,1373637,522.89
2018-10-04,522.89,523.5,521.69,522.31,1148825,522.31
2018-10-05,522.31,531.8,518.9,528.35,1897165,528.35
2018-10-06,528.35,558.57,518.37,548.21,1398463,548.21
2018-10-07,548.21,549.86,544.16,545.81,880703,545.81
2018-10-08,545.81,554.88,528.07,537.0,998835,537.0
2018-10-09,537.0,539.2,531.07,533.25,897501,533.25
2018-10-10,533.25,533.77,532.24,532.76,818155,532.76
2018-10-11,532.76,537.25,527.75,532.24,1033484,532.24
2018-10-12,532.24,551.92,525.47,544.99,1457610,544.99
2018-10-13,544.99,558.93,506.73,520.04,1367613,520.04
2018-10-14,520.04,527.15,516.91,524.0,791202,524.0
2018-10-15,524.0,529.22,521.26,526.47,984636,526.47
2018-10-16,526.47,529.0,524.19,526.73,992301,526.73
2018-10-17,526.73,542.84,521.25,537.25,1188968,537.25
2018-10-18,537.25,541.55,525.22,529.45,797455,529.45
2018-10-19,529.45,544.26,524.56,539.27,1468384,539.27
2018-10-20,539.27,542.04,532.84,535.59,1095737,535.59
2018-10-21,535.59,544.98,509.76,518.86,1123361,518.86
2018-10-22,518.86,521.71,512.68,515.52,1220310,515.52
2018-10-23,515.52,518.64,512.78,515.9,825035,515.9
2018-10-24,515.9,523.15,497.54,504.63,1832645,504.63
2018-10-25,504.63,512.85,483.08,491.08,1111462,491.08
2018-10-26,491.08,520.59,479.51,508.61,1255049,508.61
2018-10-27,508.61,509.19,506.92,507.49,823620,507.49
2018-10-28,507.49,520.56,501.44,514.42,937069,514.42
2018-10-29,514.42,537.71,505.91,528.96,1902454,528.96
2018-10-30,528.96,534.0,527.09,532.12,1365314,532.12
2018-10-31,532.12,537.57,519.48,524.86,784298,524.86
2018-11-01,524.86,527.26,522.3,524.7,812620,524.7
2018-11-02,524.7,562.78,511.96,549.43,1692041,549.43
2018-11-03,549.43,572.26,541.06,563.67,943684,563.67
2018-11-04,563.67,566.23,557.35,559.89,1232868,559.89
2018-11-05,559.89,566.98,545.31,552.3,807194,552.3
2018-11-06,552.3,563.37,527.07,537.85,1229488,537.85
2018-11-07,537.85,572.58,526.24,560.48,1693405,560.48
2018-11-08,560.48,569.86,555.09,564.43,954784,564.43
2018-11-09,564.43,572.47,541.88,549.72,1260290,549.72
2018-11-10,549.72,557.07,533.73,540.97,1798982,540.97
2018-11-11,540.97,545.41,539.32,543.75,485961,543.75
2018-11-12,543.75,546.2,537.59,540.02,1343285,540.02
2018-11-13,540.02,557.92,533.83,551.6,686858,551.6
2018-11-14,551.6,564.57,517.43,529.9,1035702,529.9
2018-11-15,529.9,534.61,519.15,523.82,1361860,523.82
2018-11-16,523.82,526.66,522.21,525.04,759254,525.04
2018-11-17,525.04,534.42,500.05,509.15,1477687,509.15
2018-11-18,509.15,510.49,506.27,507.61,1095250,507.61
2018-11-19,507.61,508.91,504.7,505.99,1223683,505.99
2018-11-20,505.99,508.36,502.5,504.86,697746,504.86
2018-11-21,504.86,510.58,490.75,496.37,1154842,496.37
2018-11-22,496.37,506.05,468.32,477.63,1004523,477.63
2018-11-23,477.63,484.8,474.67,481.82,844558,481.82
2018-11-24,481.82,484.35,474.99,477.49,1483704,477.49
2018-11-25,477.49,488.97,472.94,484.35,956711,484.35
2018-11-26,484.35,531.65,468.48,514.79,1834405,514.79
2018-11-27,514.79,516.82,509.32,511.34,1007822,511.34
2018-11-28,511.34,519.93,487.45,495.78,1595835,495.78
2018-11-29,495.78,503.61,477.45,485.11,1467350,485.11
2018-11-30,485.11,489.29,482.22,486.38,709706,486.38
2018-12-01,486.38,489.73,483.88,487.22,777962,487.22
2018-12-02,487.22,498.3,456.63,467.25,2071451,467.25
2018-12-03,467.25,500.37,455.85,488.45,2434770,488.45
2018-12-04,488.45,490.62,487.25,489.42,916364,489.42
2018-12-05,489.42,493.61,486.54,490.72,962297,490.72
2018-12-06,490.72,496.69,486.28,492.24,1158483,492.24
2018-12-07,492.24,493.78,491.13,492.67,995238,492.67
2018-12-08,492.67,495.75,484.72,487.77,577633,487.77
2018-12-09,487.77,489.74,482.91,484.87,1106680,484.87
2018-12-10,484.87,495.65,479.04,489.76,817667,489.76
2018-12-11,489.76,494.13,477.14,481.43,1933488,481.43
2018-12-12,481.43,490.02,478.36,486.92,1291173,486.92
2018-12-13,486.92,491.97,473.72,478.69,1038942,478.69
2018-12-14,478.69,481.24,473.61,476.16,1220672,476.16
2018-12-15,476.16,478.95,474.7,477.49,993621,477.49
2018-12-16,477.49,508.27,467.21,497.55,1203765,497.55
2018-12-17,497.55,504.25,477.85,484.36,1067871,484.36
2018-12-18,484.36,512.2,474.85,502.33,1097218,502.33
2018-12-19,502.33,521.41,495.2,514.11,788342,514.11
2018-12-20,514.11,516.79,513.09,515.77,952807,515.77
2018-12-21,515.77,524.78,512.61,521.58,1018551,521.58
2018-12-22,521.58,531.49,517.25,527.11,1408060,527.11
2018-12-23,527.11,537.14,499.77,509.46,1014175,509.46
2018-12-24,509.46,516.03,507.16,513.72,936098,513.72
2018-12-25,513.72,520.25,494.94,501.31,1347633,501.31
2018-12-26,501.31,506.58,492.37,497.6,732782,497.6
2018-12-27,497.6,501.16,489.24,492.77,691213,492.77
2018-12-28,492.77,493.83,490.93,491.99,863518,491.99
2018-12-29,491.99,515.57,482.58,505.89,1396275,505.89
2018-12-30,505.89,507.66,501.05,502.81,797367,502.81
2018-12-31,502.81,508.29,487.42,492.79,1390203,492.79
2019-01-01,492.79,502.17,486.83,496.16,1339803,496.16
2019-01-02,496.16,501.52,492.9,498.24,723392,498.24
2019-01-03,498.24,510.12,493.34,505.16,1008378,505.16
2019-01-04,505.16,519.48,500.05,514.29,952645,514.29
2019-01-05,514.29,517.33,507.46,510.48,1131017,510.48
2019-01-06,510.48,516.16,508.06,513.73,1979791,513.73
2019-01-07,513.73,517.37,511.96,515.6,941856,515.6
2019-01-08,515.6,543.81,505.21,533.08,1630569,533.08
2019-01-09,533.08,541.49,530.06,538.45,977195,538.45
2019-01-10,538.45,557.44,531.41,550.25,1217419,550.25
2019-01-11,550.25,554.16,540.33,544.2,875378,544.2
2019-01-12,544.2,551.78,527.25,534.69,1153848,534.69
2019-01-13,534.69,561.0,526.04,552.06,879960,552.06
2019-01-14,552.06,558.34,548.61,554.88,1976487,554.88
2019-01-15,554.88,563.24,538.14,546.37,1137416,546.37
2019-01-16,546.37,554.81,541.38,549.79,1389466,549.79
2019-01-17,549.79,558.69,524.39,533.02,1394458,533.02
2019-01-18,533.02,560.08,522.43,549.17,1737435,549.17
2019-01-19,549.17,552.86,547.36,551.05,850027,551.05
2019-01-20,551.05,559.94,546.54,555.39,790323,555.39
2019-01-21,555.39,580.33,546.52,571.21,1673147,571.21
2019-01-22,571.21,583.3,540.12,551.8,1396071,551.8
2019-01-23,551.8,589.87,537.82,575.3,814562,575.3
2019-01-24,575.3,583.48,551.91,559.88,1489360,559.88
2019-01-25,559.88,566.57,543.48,550.05,1657868,550.05
2019-01-26,550.05,588.64,536.26,574.25,1482315,574.25
2019-01-27,574.25,586.05,541.94,553.31,968470,553.31
2019-01-28,553.31,559.04,537.0,542.62,1743388,542.62
2019-01-29,542.62,544.72,537.88,539.97,825332,539.97
2019-01-30,539.97,549.17,515.54,524.48,807238,524.48
2019-01-31,524.48,526.46,521.12,523.1,1576018,523.1
2019-02-01,523.1,528.25,509.96,515.03,1552597,515.03
2019-02-02,515.03,525.98,510.36,521.26,752583,521.26
2019-02-03,521.26,527.27,512.36,518.34,910070,518.34
2019-02-04,518.34,578.87,498.26,557.29,1610563,557.29
2019-02-05,557.29,560.39,549.32,552.39,1454418,552.39
2019-02-06,552.39,561.42,548.31,557.3,1185264,557.3
2019-02-07,557.3,566.05,533.29,541.8,1010565,541.8
2019-02-08,541.8,548.55,521.97,528.56,1465250,528.56
2019-02-09,528.56,532.3,519.2,522.89,996935,522.89
2019-02-10,522.89,535.15,490.67,502.44,2228857,502.44
2019-02-11,502.44,508.79,486.88,493.11,876997,493.11
2019-02-12,493.11,515.58,485.34,507.59,1275563,507.59
2019-02-13,507.59,521.59,473.65,487.09,1332348,487.09
2019-02-14,487.09,497.34,457.63,467.46,1410804,467.46
2019-02-15,467.46,476.09,461.42,470.02,916579,470.02
2019-02-16,470.02,502.64,381.39,409.84,1240644,409.84
2019-02-17,409.84,415.15,395.95,401.16,1069680,401.16
2019-02-18,401.16,403.45,399.24,401.54,1000849,401.54
2019-02-19,401.54,409.74,398.6,406.76,798279,406.76
2019-02-20,406.76,408.69,403.63,405.55,597681,405.55
2019-02-21,405.55,435.27,395.88,425.12,1046154,425.12
2019-02-22,425.12,447.83,417.71,440.16,1984256,440.16
2019-02-23,440.16,441.78,435.84,437.45,1458870,437.45
2019-02-24,437.45,448.3,432.93,443.72,1051184,443.72
2019-02-25,443.72,444.99,442.27,443.54,1463209,443.54
2019-02-26,443.54,484.15,430.31,470.12,1553635,470.12
2019-02-27,470.12,484.36,436.07,449.69,1364668,449.69
2019-02-28,449.69,451.6,444.48,446.37,1138798,446.37
2019-03-01,446.37,453.82,441.91,449.32,744676,449.32
2019-03-02,449.32,456.03,430.43,436.96,1471108,436.96
2019-03-03,436.96,444.14,416.13,423.08,1293626,423.08
2019-03-04,423.08,424.17,422.68,423.77,1117436,423.77
2019-03-05,423.77,447.96,415.42,439.31,1733215,439.31
2019-03-06,439.31,441.95,435.67,438.31,1952942,438.31
2019-03-07,438.31,444.15,426.16,431.91,768860,431.91
2019-03-08,431.91,457.48,423.59,448.83,2302274,448.83
2019-03-09,448.83,456.06,428.77,435.8,879113,435.8
2019-03-10,435.8,438.99,427.58,430.73,1094676,430.73
2019-03-11,430.73,440.65,403.79,413.3,1468862,413.3
2019-03-12,413.3,417.75,401.01,405.38,1120751,405.38
2019-03-13,405.38,409.64,403.36,407.61,815772,407.61
2019-03-14,407.61,411.42,398.08,401.85,860762,401.85
2019-03-15,401.85,406.52,388.6,393.17,558316,393.17
2019-03-16,393.17,396.23,385.49,388.51,1225723,388.51
2019-03-17,388.51,390.6,387.38,389.46,1215378,389.46
2019-03-18,389.46,391.08,386.57,388.18,871465,388.18
2019-03-19,388.18,396.19,365.66,373.37,1804232,373.37
2019-03-20,373.37,374.86,369.28,370.76,1921959,370.76
2019-03-21,370.76,376.65,368.13,374.0,858676,374.0
2019-03-22,374.0,377.23,364.82,368.01,1119961,368.01
2019-03-23,368.01,379.94,362.81,374.65,970739,374.65
2019-03-24,374.65,378.07,371.77,375.19,973286,375.19
2019-03-25,375.19,385.69,371.7,382.13,567623,382.13
2019-03-26,382.13,388.97,365.52,372.18,2030813,372.18
2019-03-27,372.18,372.62,372.03,372.47,828503,372.47
2019-03-28,372.47,387.38,367.59,382.37,1180846,382.37
2019-03-29,382.37,383.67,379.29,380.59,1130753,380.59
2019-03-30,380.59,392.16,351.31,362.32,1791769,362.32
2019-03-31,362.32,366.63,350.52,354.74,1160886,354.74
2019-04-01,354.74,357.1,347.9,350.24,755644,350.24
2019-04-02,350.24,357.26,347.83,354.83,945318,354.83
2019-04-03,354.83,362.3,336.27,343.51,1384109,343.51
2019-04-04,343.51,344.52,341.11,342.11,1120397,342.11
2019-04-05,342.11,350.64,339.06,347.55,1266304,347.55
2019-04-06,347.55,352.98,333.9,339.2,1497577,339.2
2019-04-07,339.2,346.57,318.33,325.41,2221934,325.41
2019-04-08,325.41,329.1,315.03,318.64,1000399,318.64
2019-04-09,318.64,327.56,315.41,324.27,733595,324.27
2019-04-10,324.27,335.2,320.15,331.0,1083981,331.0
2019-04-11,331.0,332.73,326.52,328.24,905360,328.24
2019-04-12,328.24,332.04,318.59,322.33,960345,322.33
2019-04-13,322.33,344.83,314.13,336.28,1691026,336.28
2019-04-14,336.28,344.53,318.34,326.35,1142403,326.35
2019-04-15,326.35,339.23,321.51,334.27,897300,334.27
2019-04-16,334.27,356.4,325.88,347.67,1401319,347.67
2019-04-17,347.67,351.6,337.26,341.11,979786,341.11
2019-04-18,341.11,343.8,339.88,342.56,2720662,342.56
2019-04-19,342.56,346.94,332.01,336.31,1043213,336.31
2019-04-20,336.31,339.3,335.05,338.04,1164430,338.04
2019-04-21,338.04,340.55,330.91,333.39,1133828,333.39
2019-04-22,333.39,342.39,330.34,339.29,816828,339.29
2019-04-23,339.29,346.11,319.84,326.4,1481191,326.4
2019-04-24,326.4,328.38,323.32,325.29,901252,325.29
2019-04-25,325.29,327.52,324.28,326.51,1237266,326.51
2019-04-26,326.51,334.85,321.13,329.43,847361,329.43
2019-04-27,329.43,333.96,318.32,322.76,1824071,322.76
2019-04-28,322.76,323.58,322.28,323.1,628448,323.1
2019-04-29,323.1,324.56,321.68,323.15,997207,323.15
2019-04-30,323.15,326.24,317.26,320.33,852089,320.33
2019-05-01,320.33,324.72,309.42,313.72,1149418,313.72
2019-05-02,313.72,320.56,311.32,318.13,1619780,318.13
2019-05-03,318.13,326.05,295.2,302.74,1889820,302.74
2019-05-04,302.74,306.13,292.83,296.15,1079564,296.15
2019-05-05,296.15,313.54,289.91,307.07,2173424,307.07
2019-05-06,307.07,309.29,306.2,308.42,735198,308.42
2019-05-07,308.42,311.01,304.09,306.66,1023205,306.66
2019-05-08,306.66,309.36,299.82,302.49,1805899,302.49
2019-05-09,302.49,328.64,294.01,319.69,967707,319.69
2019-05-10,319.69,321.82,318.01,320.15,1294669,320.15
2019-05-11,320.15,328.59,297.56,305.61,2145573,305.61
2019-05-12,305.61,313.04,285.09,292.19,1580931,292.19
2019-05-13,292.19,292.34,291.92,292.07,735701,292.07
2019-05-14,292.07,295.62,284.15,287.65,668442,287.65
2019-05-15,287.65,312.9,275.71,300.43,1524092,300.43
2019-05-16,300.43,313.42,296.07,308.94,1306563,308.94
2019-05-17,308.94,318.42,284.49,293.5,1241362,293.5
2019-05-18,293.5,309.39,287.07,302.76,1588683,302.76
2019-05-19,302.76,307.35,292.14,296.64,954027,296.64
2019-05-20,296.64,319.61,288.54,311.12,2457065,311.12
2019-05-21,311.12,322.02,305.52,316.33,1382873,316.33
2019-05-22,316.33,321.37,306.97,311.95,859175,311.95
2019-05-23,311.95,317.73,309.93,315.69,1391668,315.69
2019-05-24,315.69,320.93,301.01,306.09,1362307,306.09
2019-05-25,306.09,308.29,299.84,302.01,1334947,302.01
2019-05-26,302.01,314.59,295.52,307.98,820005,307.98
2019-05-27,307.98,310.13,302.34,304.47,511222,304.47
2019-05-28,304.47,308.98,292.42,296.82,749202,296.82
2019-05-29,296.82,308.15,292.89,304.12,1363351,304.12
2019-05-30,304.12,313.25,278.03,286.64,2474120,286.64
2019-05-31,286.64,296.48,281.8,291.56,1266670,291.56
2019-06-01,291.56,308.23,286.09,302.56,1384695,302.56
2019-06-02,302.56,311.65,299.46,308.48,1085548,308.48
2019-06-03,308.48,311.88,298.77,302.1,981017,302.1
2019-06-04,302.1,306.26,290.53,294.59,774247,294.59
2019-06-05,294.59,298.98,292.4,296.78,1011424,296.78
2019-06-06,296.78,308.82,292.81,304.74,1681532,304.74
2019-06-07,304.74,311.87,284.74,291.57,1483382,291.57
2019-06-08,291.57,306.95,284.96,300.15,1391861,300.15
2019-06-09,300.15,302.2,299.43,301.47,880920,301.47
2019-06-10,301.47,306.14,293.47,298.08,1380803,298.08
2019-06-11,298.08,299.43,294.82,296.16,950159,296.16
2019-06-12,296.16,301.37,282.0,287.04,561542,287.04
2019-06-13,287.04,303.56,280.87,297.17,2288817,297.17
2019-06-14,297.17,301.01,289.57,293.36,1325076,293.36
2019-06-15,293.36,297.27,285.15,289.0,935900,289.0
2019-06-16,289.0,294.7,275.26,280.8,1254030,280.8
2019-06-17,280.8,288.08,260.41,267.34,1985480,267.34
2019-06-18,267.34,268.27,266.77,267.7,1205943,267.7
2019-06-19,267.7,276.91,264.63,273.77,800025,273.77
2019-06-20,273.77,277.29,263.89,267.33,1214416,267.33
2019-06-21,267.33,270.43,258.37,261.4,1538945,261.4
2019-06-22,261.4,261.5,261.16,261.25,962338,261.25
2019-06-23,261.25,268.76,258.24,265.69,1103628,265.69
2019-06-24,265.69,268.29,258.19,260.73,1288575,260.73
2019-06-25,260.73,267.36,242.17,248.48,1672866,248.48
2019-06-26,248.48,257.06,245.48,253.99,982957,253.99
2019-06-27,253.99,256.35,249.23,251.57,1349557,251.57
2019-06-28,251.57,259.99,248.51,256.86,1498727,256.86
2019-06-29,256.86,258.31,253.11,254.54,954109,254.54
2019-06-30,254.54,256.34,250.47,252.25,986830,252.25
2019-07-01,252.25,253.23,250.26,251.23,980083,251.23
2019-07-02,251.23,267.61,245.92,262.07,2111715,262.07
2019-07-03,262.07,267.91,259.89,265.7,2052428,265.7
2019-07-04,265.7,268.11,259.02,261.39,973150,261.39
2019-07-05,261.39,263.29,257.14,259.02,1069486,259.02
2019-07-06,259.02,264.63,242.76,248.14,1470151,248.14
2019-07-07,248.14,255.04,243.45,250.32,1778583,250.32
2019-07-08,250.32,252.03,246.05,247.75,1553510,247.75
2019-07-09,247.75,255.03,245.3,252.54,1311841,252.54
2019-07-10,252.54,274.96,245.06,267.05,2991875,267.05
2019-07-11,267.05,276.36,263.92,273.15,1206647,273.15
2019-07-12,273.15,280.34,270.04,277.18,1118118,277.18
2019-07-13,277.18,288.01,273.03,283.77,1463102,283.77
2019-07-14,283.77,285.71,279.73,281.65,988798,281.65
2019-07-15,281.65,282.85,278.58,279.77,1344258,279.77
2019-07-16,279.77,281.41,276.42,278.05,1237304,278.05
2019-07-17,278.05,283.06,264.08,268.92,1121833,268.92
2019-07-18,268.92,275.04,251.41,257.27,837937,257.27
2019-07-19,257.27,260.79,248.3,251.75,922559,251.75
2019-07-20,251.75,260.98,248.17,257.32,890141,257.32
2019-07-21,257.32,258.12,255.63,256.42,2197537,256.42
2019-07-22,256.42,266.64,252.32,262.45,956404,262.45
2019-07-23,262.45,270.96,240.81,248.89,2552917,248.89
2019-07-24,248.89,253.33,241.2,245.58,1031436,245.58
2019-07-25,245.58,249.74,234.63,238.67,1025060,238.67
2019-07-26,238.67,240.12,238.11,239.56,1423480,239.56
2019-07-27,239.56,246.1,237.02,243.52,1239201,243.52
2019-07-28,243.52,248.45,229.28,234.02,1333512,234.02
2019-07-29,234.02,235.56,229.45,230.97,1816950,230.97
2019-07-30,230.97,234.17,221.8,224.9,1053213,224.9
2019-07-31,224.9,228.23,223.53,226.85,639156,226.85
2019-08-01,226.85,233.79,208.46,215.04,2120751,215.04
2019-08-02,215.04,216.46,211.25,212.65,996960,212.65
2019-08-03,212.65,212.73,212.59,212.66,920355,212.66
2019-08-04,212.66,217.92,210.89,216.12,1078807,216.12
2019-08-05,216.12,219.32,214.78,217.97,870530,217.97
2019-08-06,217.97,221.03,210.14,213.14,1381464,213.14
2019-08-07,213.14,218.53,203.66,208.95,1133802,208.95
2019-08-08,208.95,210.46,204.86,206.35,837427,206.35
2019-08-09,206.35,208.64,205.52,207.8,1537921,207.8
2019-08-10,207.8,215.55,203.37,211.05,1138371,211.05
2019-08-11,211.05,211.99,208.31,209.25,993599,209.25
2019-08-12,209.25,212.28,200.47,203.42,1130408,203.42
2019-08-13,203.42,205.82,202.62,205.01,1695179,205.01
2019-08-14,205.01,206.71,202.43,204.12,887041,204.12
2019-08-15,204.12,206.8,203.23,205.9,1018270,205.9
2019-08-16,205.9,206.22,205.63,205.95,1017598,205.95
2019-08-17,205.95,211.02,204.25,209.29,938861,209.29
2019-08-18,209.29,219.7,204.67,214.96,1461534,214.96
2019-08-19,214.96,224.76,211.62,221.32,1214088,221.32
2019-08-20,221.32,224.41,213.03,216.04,817786,216.04
2019-08-21,216.04,217.91,212.68,214.53,1112038,214.53
2019-08-22,214.53,215.26,212.56,213.28,1425425,213.28
2019-08-23,213.28,222.05,209.96,218.65,1891720,218.65
2019-08-24,218.65,219.11,218.36,218.82,684209,218.82
2019-08-25,218.82,220.17,215.13,216.46,1071353,216.46
2019-08-26,216.46,218.2,213.06,214.78,1044004,214.78
2019-08-27,214.78,216.29,213.78,215.29,1564832,215.29
2019-08-28,215.29,248.98,204.67,237.27,1290322,237.27
2019-08-29,237.27,259.9,229.04,251.18,1171385,251.18
2019-08-30,251.18,253.22,250.19,252.23,1046946,252.23
2019-08-31,252.23,253.94,251.64,253.35,639584,253.35
2019-09-01,253.35,253.74,252.76,253.15,1325226,253.15
2019-09-02,253.15,264.88,248.18,259.78,1158411,259.78
2019-09-03,259.78,265.77,256.48,262.43,1486123,262.43
2019-09-04,262.43,265.36,261.41,264.33,1167751,264.33
2019-09-05,264.33,271.24,245.65,252.24,1984605,252.24
2019-09-06,252.24,257.35,237.52,242.44,1032664,242.44
2019-09-07,242.44,242.73,242.32,242.61,1378452,242.61
2019-09-08,242.61,253.33,238.31,248.91,904374,248.91
2019-09-09,248.91,259.34,244.32,254.64,1601828,254.64
2019-09-10,254.64,256.1,251.63,253.07,1285198,253.07
2019-09-11,253.07,257.62,243.02,247.46,1345374,247.46
2019-09-12,247.46,249.94,246.06,248.53,1387896,248.53
2019-09-13,248.53,257.18,224.5,232.59,1209980,232.59
2019-09-14,232.59,235.27,224.88,227.5,1637712,227.5
2019-09-15,227.5,229.71,221.24,223.41,1003958,223.41
2019-09-16,223.41,228.07,221.79,226.43,1309731,226.43
2019-09-17,226.43,231.92,224.29,229.74,1482574,229.74
2019-09-18,229.74,243.82,224.97,238.85,2459004,238.85
2019-09-19,238.85,245.41,220.86,227.1,1691961,227.1
2019-09-20,227.1,228.96,222.35,224.19,973399,224.19
2019-09-21,224.19,226.23,223.3,225.35,1221811,225.35
2019-09-22,225.35,226.9,221.03,222.56,1367831,222.56
2019-09-23,222.56,225.52,215.26,218.16,2427586,218.16
2019-09-24,218.16,224.58,216.04,222.41,1064802,222.41
2019-09-25,222.41,224.55,221.48,223.62,891909,223.62
2019-09-26,223.62,227.39,212.86,216.51,2223269,216.51
2019-09-27,216.51,218.98,210.02,212.45,1956417,212.45
2019-09-28,212.45,214.82,211.51,213.87,586541,213.87
2019-09-29,213.87,221.07,211.38,218.53,1092486,218.53
2019-09-30,218.53,222.27,208.37,212.0,1978975,212.0
2019-10-01,212.0,214.01,209.4,211.41,1086267,211.41
2019-10-02,211.41,213.33,206.48,208.37,1071091,208.37
2019-10-03,208.37,209.89,207.71,209.23,671414,209.23
2019-10-04,209.23,210.22,208.46,209.45,1285281,209.45
2019-10-05,209.45,214.34,207.22,212.08,1121029,212.08
2019-10-06,212.08,213.79,211.4,213.1,629774,213.1
2019-10-07,213.1,214.53,211.02,212.44,828041,212.44
2019-10-08,212.44,217.89,210.54,215.96,1342506,215.96
2019-10-09,215.96,217.84,214.93,216.81,777918,216.81
2019-10-10,216.81,217.67,215.67,216.53,827542,216.53
2019-10-11,216.53,219.4,214.76,217.61,1136098,217.61
2019-10-12,217.61,218.11,216.49,216.99,668526,216.99
2019-10-13,216.99,219.9,213.88,216.8,1128229,216.8
2019-10-14,216.8,219.38,215.55,218.13,1112234,218.13
2019-10-15,218.13,221.09,216.92,219.88,881459,219.88
2019-10-16,219.88,221.45,218.84,220.41,914369,220.41
2019-10-17,220.41,221.3,218.03,218.92,1713019,218.92
2019-10-18,218.92,222.58,216.93,220.57,1073737,220.57
2019-10-19,220.57,221.41,218.9,219.74,1274452,219.74
2019-10-20,219.74,220.06,219.17,219.5,951837,219.5
2019-10-21,219.5,220.1,219.29,219.9,1358798,219.9
2019-10-22,219.9,220.29,219.33,219.73,594896,219.73
2019-10-23,219.73,223.78,217.1,221.13,1288778,221.13
2019-10-24,221.13,221.91,219.86,220.64,1643912,220.64
2019-10-25,220.64,221.75,220.01,221.12,661856,221.12
2019-10-26,221.12,222.62,220.61,222.11,990532,222.11
2019-10-27,222.11,222.89,220.24,221.02,1080339,221.02
2019-10-28,221.02,222.4,218.49,219.87,836033,219.87
2019-10-29,219.87,220.37,219.0,219.49,1152244,219.49
2019-10-30,219.49,227.58,216.05,224.06,1124020,224.06
2019-10-31,224.06,243.1,216.71,235.37,1455137,235.37
2019-11-01,235.37,240.8,233.43,238.83,1708215,238.83
2019-11-02,238.83,240.77,237.9,239.84,1002552,239.84
2019-11-03,239.84,240.84,238.41,239.4,1366065,239.4
2019-11-04,239.4,240.59,238.43,239.62,1030972,239.62
2019-11-05,239.62,259.04,233.15,252.23,975699,252.23
2019-11-06,252.23,253.47,248.57,249.8,830650,249.8
2019-11-07,249.8,251.04,247.36,248.58,487983,248.58
2019-11-08,248.58,251.63,243.51,246.53,1038447,246.53
2019-11-09,246.53,253.38,243.11,249.91,1301194,249.91
2019-11-10,249.91,250.73,247.55,248.37,802825,248.37
2019-11-11,248.37,249.55,247.9,249.08,1508975,249.08
2019-11-12,249.08,253.26,246.66,250.82,669464,250.82
2019-11-13,250.82,251.66,248.89,249.73,391435,249.73
2019-11-14,249.73,251.62,244.94,246.81,2076538,246.81
2019-11-15,246.81,248.19,244.31,245.68,1937652,245.68
2019-11-16,245.68,246.49,243.42,244.23,1346419,244.23
2019-11-17,244.23,246.14,239.06,240.94,1620145,240.94
2019-11-18,240.94,245.0,238.42,242.46,928798,242.46
2019-11-19,242.46,249.0,240.02,246.52,933154,246.52
2019-11-20,246.52,248.21,245.2,246.88,1205351,246.88
2019-11-21,246.88,247.77,245.23,246.11,704787,246.11
2019-11-22,246.11,250.5,242.61,246.99,811913,246.99
2019-11-23,246.99,248.39,246.28,247.69,1166531,247.69
2019-11-24,247.69,249.85,246.88,249.04,1957881,249.04
2019-11-25,249.04,251.91,247.74,250.6,1217280,250.6
2019-11-26,250.6,254.58,248.66,252.62,631769,252.62
2019-11-27,252.62,253.74,249.33,250.44,1280918,250.44
2019-11-28,250.44,253.03,247.77,250.36,1419493,250.36
2019-11-29,250.36,254.69,248.81,253.12,1679973,253.12
2019-11-30,253.12,258.28,250.88,256.02,1885919,256.02
2019-12-01,256.02,257.98,251.16,253.11,1593354,253.11
2019-12-02,253.11,254.96,252.34,254.2,1191394,254.2
2019-12-03,254.2,255.12,253.2,254.12,821721,254.12
2019-12-04,254.12,255.05,253.57,254.5,950990,254.5
2019-12-05,254.5,257.86,253.28,256.63,628724,256.63
2019-12-06,256.63,259.58,254.13,257.08,1112650,257.08
2019-12-07,257.08,260.82,255.28,259.01,1286814,259.01
2019-12-08,259.01,261.91,256.85,259.75,982942,259.75
2019-12-09,259.75,261.59,258.96,260.8,1806611,260.8
2019-12-10,260.8,265.43,257.47,262.08,1711071,262.08
2019-12-11,262.08,264.28,261.34,263.53,1503675,263.53
2019-12-12,263.53,264.12,263.03,263.62,1037356,263.62
2019-12-13,263.62,264.83,261.33,262.54,2188040,262.54
2019-12-14,262.54,268.42,259.65,265.5,777080,265.5
2019-12-15,265.5,267.45,260.9,262.83,1232100,262.83
2019-12-16,262.83,266.34,252.72,256.14,1700204,256.14
2019-12-17,256.14,273.94,249.93,267.46,1783638,267.46
2019-12-18,267.46,273.4,264.35,270.26,799033,270.26
2019-12-19,270.26,274.09,259.35,263.07,1293945,263.07
2019-12-20,263.07,263.52,262.92,263.36,1543874,263.36
2019-12-21,263.36,267.05,260.56,264.24,812781,264.24
2019-12-22,264.24,275.25,260.52,271.44,993938,271.44
2019-12-23,271.44,277.4,268.86,274.79,1301568,274.79
2019-12-24,274.79,277.55,273.65,276.4,653419,276.4
2019-12-25,276.4,293.45,270.56,287.39,1392696,287.39
2019-12-26,287.39,291.16,278.47,282.16,1013540,282.16
2019-12-27,282.16,288.28,266.23,272.13,1692228,272.13
2019-12-28,272.13,274.6,270.77,273.23,1572431,273.23
2019-12-29,273.23,285.48,269.11,281.23,1222346,281.23
2019-12-30,281.23,285.34,279.83,283.92,1278457,283.92
2019-12-31,283.92,290.36,279.98,286.39,995420,286.39
2020-01-01,286.39,304.29,280.51,298.17,879829,298.17
2020-01-02,298.17,302.63,286.97,291.32,1853885,291.32
2020-01-03,291.32,296.18,289.24,294.08,1336284,294.08
2020-01-04,294.08,300.03,290.74,296.67,870971,296.67
2020-01-05,296.67,297.79,296.0,297.12,763586,297.12
2020-01-06,297.12,303.15,280.72,286.52,2228630,286.52
2020-01-07,286.52,288.98,280.44,282.87,1486183,282.87
2020-01-08,282.87,287.49,271.1,275.6,1379926,275.6
2020-01-09,275.6,281.85,272.38,278.59,1345473,278.59
2020-01-10,278.59,283.91,265.51,270.68,718530,270.68
2020-01-11,270.68,274.43,268.8,272.54,870118,272.54
2020-01-12,272.54,281.04,252.42,260.54,1265424,260.54
2020-01-13,260.54,262.82,259.64,261.92,968785,261.92
2020-01-14,261.92,264.5,261.0,263.58,1220412,263.58
2020-01-15,263.58,270.35,247.32,253.85,824231,253.85
2020-01-16,253.85,260.03,236.1,241.99,1649357,241.99
2020-01-17,241.99,248.41,239.65,246.03,1674182,246.03
2020-01-18,246.03,253.38,243.6,250.9,1119400,250.9
2020-01-19,250.9,252.84,247.15,249.07,1395847,249.07
2020-01-20,249.07,264.85,243.28,258.83,1654088,258.83
2020-01-21,258.83,261.95,250.13,253.18,1326000,253.18
2020-01-22,253.18,260.33,233.04,239.81,1607046,239.81
2020-01-23,239.81,241.06,238.48,239.73,1223742,239.73
2020-01-24,239.73,241.25,235.51,237.02,1370093,237.02
2020-01-25,237.02,238.29,234.17,235.44,1014507,235.44
2020-01-26,235.44,239.85,233.44,237.83,1274316,237.83
2020-01-27,237.83,238.77,237.27,238.21,1396892,238.21
2020-01-28,238.21,240.19,233.26,235.22,1198485,235.22
2020-01-29,235.22,243.66,232.38,240.75,972304,240.75
2020-01-30,240.75,241.23,240.24,240.73,2033293,240.73
2020-01-31,240.73,248.46,237.77,245.44,1146594,245.44
2020-02-01,245.44,250.46,243.69,248.7,710255,248.7
2020-02-02,248.7,252.41,246.81,250.51,1106978,250.51
2020-02-03,250.51,254.34,248.55,252.37,654829,252.37
2020-02-04,252.37,252.67,251.54,251.84,926817,251.84
2020-02-05,251.84,256.32,249.89,254.35,1181426,254.35
2020-02-06,254.35,254.84,253.24,253.72,808745,253.72
2020-02-07,253.72,256.39,252.32,254.97,741762,254.97
2020-02-08,254.97,259.39,242.11,246.38,1992719,246.38
2020-02-09,246.38,247.84,245.74,247.2,904418,247.2
2020-02-10,247.2,248.42,244.41,245.62,1237040,245.62
2020-02-11,245.62,253.49,242.57,250.39,908296,250.39
2020-02-12,250.39,257.77,247.94,255.28,1033738,255.28
2020-02-13,255.28,256.85,254.14,255.7,596536,255.7
2020-02-14,255.7,270.81,250.7,265.61,1967148,265.61
2020-02-15,265.61,269.35,264.12,267.85,1423740,267.85
2020-02-16,267.85,269.58,265.02,266.74,1164350,266.74
2020-02-17,266.74,274.45,263.94,271.59,1396858,271.59
2020-02-18,271.59,277.05,268.47,273.91,1306187,273.91
2020-02-19,273.91,276.07,268.1,270.23,1608041,270.23
2020-02-20,270.23,273.98,265.84,269.57,877812,269.57
2020-02-21,269.57,269.77,269.17,269.37,850848,269.37
2020-02-22,269.37,271.2,268.6,270.43,912481,270.43
2020-02-23,270.43,273.49,268.88,271.94,1318197,271.94
2020-02-24,271.94,280.13,268.94,277.07,741233,277.07
2020-02-25,277.07,278.27,274.0,275.18,1145978,275.18
2020-02-26,275.18,278.0,267.35,270.11,2104014,270.11
2020-02-27,270.11,271.21,268.82,269.92,951002,269.92
2020-02-28,269.92,278.37,266.16,274.55,1407920,274.55
2020-02-29,274.55,275.78,272.15,273.37,992099,273.37
2020-03-01,273.37,280.78,270.79,278.15,1098562,278.15
2020-03-02,278.15,293.76,272.52,287.94,1579424,287.94
2020-03-03,287.94,290.93,280.98,283.93,1584291,283.93
2020-03-04,283.93,289.62,271.89,277.46,952829,277.46
2020-03-05,277.46,279.67,275.74,277.95,1420711,277.95
2020-03-06,277.95,283.31,276.13,281.47,932567,281.47
2020-03-07,281.47,286.07,278.79,283.38,840508,283.38
2020-03-08,283.38,287.47,276.85,280.91,923775,280.91
2020-03-09,280.91,284.4,278.65,282.14,818351,282.14
2020-03-10,282.14,282.91,280.43,281.2,673291,281.2
2020-03-11,281.2,283.23,280.11,282.14,1281621,282.14
2020-03-12,282.14,283.37,280.95,282.18,1071683,282.18
2020-03-13,282.18,284.26,281.2,283.28,1293602,283.28
2020-03-14,283.28,284.65,279.32,280.68,1429090,280.68
2020-03-15,280.68,281.91,278.97,280.19,778952,280.19
2020-03-16,280.19,284.64,278.67,283.11,1084969,283.11
2020-03-17,283.11,283.2,282.99,283.09,954069,283.09
2020-03-18,283.09,283.72,281.83,282.46,1336181,282.46
2020-03-19,282.46,291.02,278.84,287.33,1957739,287.33
2020-03-20,287.33,292.64,285.0,290.29,540684,290.29
2020-03-21,290.29,296.08,287.85,293.62,538839,293.62
2020-03-22,293.62,294.4,292.32,293.1,1183647,293.1
2020-03-23,293.1,301.27,289.98,298.09,1399257,298.09
2020-03-24,298.09,300.66,296.98,299.54,945872,299.54
2020-03-25,299.54,300.81,297.0,298.26,915154,298.26
2020-03-26,298.26,302.96,296.69,301.37,1003923,301.37
2020-03-27,301.37,316.25,296.3,311.01,1618703,311.01
2020-03-28,311.01,315.53,297.81,302.2,1166831,302.2
2020-03-29,302.2,305.09,300.57,303.46,1007713,303.46
2020-03-30,303.46,305.66,297.38,299.55,1214271,299.55
2020-03-31,299.55,306.6,296.24,303.25,863910,303.25
2020-04-01,303.25,304.02,302.94,303.72,978683,303.72
2020-04-02,303.72,312.18,299.16,307.57,1084932,307.57
2020-04-03,307.57,311.07,305.51,309.01,859146,309.01
2020-04-04,309.01,310.37,306.91,308.27,1302362,308.27
2020-04-05,308.27,311.98,306.55,310.25,620436,310.25
2020-04-06,310.25,312.44,308.77,310.95,783595,310.95
2020-04-07,310.95,313.11,305.05,307.18,1437099,307.18
2020-04-08,307.18,307.56,306.42,306.81,940486,306.81
2020-04-09,306.81,307.25,306.01,306.45,741620,306.45
2020-04-10,306.45,307.77,303.12,304.43,1148979,304.43
2020-04-11,304.43,306.43,303.68,305.67,854138,305.67
2020-04-12,305.67,309.27,303.62,307.21,1292064,307.21
2020-04-13,307.21,312.32,304.84,309.94,1089597,309.94
2020-04-14,309.94,320.11,306.45,316.55,1379048,316.55
2020-04-15,316.55,320.19,315.11,318.73,1264654,318.73
2020-04-16,318.73,322.28,316.88,320.42,947123,320.42
2020-04-17,320.42,322.47,319.01,321.05,1173837,321.05
2020-04-18,321.05,322.87,316.34,318.14,1202417,318.14
2020-04-19,318.14,321.72,316.2,319.76,607219,319.76
2020-04-20,319.76,322.06,317.92,320.22,1762702,320.22
2020-04-21,320.22,321.75,317.49,319.02,1359208,319.02
2020-04-22,319.02,320.6,318.46,320.04,743192,320.04
2020-04-23,320.04,323.89,318.37,322.21,2081522,322.21
2020-04-24,322.21,325.17,316.23,319.16,2219290,319.16
2020-04-25,319.16,319.91,316.98,317.73,903642,317.73
2020-04-26,317.73,321.66,315.27,319.18,1107965,319.18
2020-04-27,319.18,320.95,318.24,320.01,1262956,320.01
2020-04-28,320.01,322.06,314.95,316.98,831032,316.98
2020-04-29,316.98,318.39,313.42,314.82,735080,314.82
2020-04-30,314.82,317.72,307.06,309.91,1176678,309.91
2020-05-01,309.91,314.81,307.85,312.73,1283184,312.73
2020-05-02,312.73,322.91,308.59,318.69,1295801,318.69
2020-05-03,318.69,319.09,318.11,318.51,1465443,318.51
2020-05-04,318.51,323.57,316.48,321.51,680923,321.51
2020-05-05,321.51,324.05,320.56,323.1,1045909,323.1
2020-05-06,323.1,324.96,319.34,321.2,1634859,321.2
2020-05-07,321.2,321.71,320.22,320.72,1449184,320.72
2020-05-08,320.72,325.53,318.75,323.54,1031704,323.54
2020-05-09,323.54,324.28,322.49,323.23,495079,323.23
2020-05-10,323.23,325.71,317.29,319.75,1236718,319.75
2020-05-11,319.75,320.44,317.69,318.38,1399910,318.38
2020-05-12,318.38,320.85,311.26,313.7,1418447,313.7
2020-05-13,313.7,320.43,310.9,317.6,1256400,317.6
2020-05-14,317.6,323.86,314.87,321.09,1089007,321.09
2020-05-15,321.09,321.97,318.84,319.72,1013327,319.72
2020-05-16,319.72,321.08,316.32,317.67,1111615,317.67
2020-05-17,317.67,318.81,315.59,316.73,906381,316.73
2020-05-18,316.73,322.72,313.61,319.58,817307,319.58
2020-05-19,319.58,322.3,314.14,316.85,689818,316.85
2020-05-20,316.85,319.21,310.4,312.73,789249,312.73
2020-05-21,312.73,314.84,311.97,314.08,661341,314.08
2020-05-22,314.08,323.36,309.53,318.74,1507862,318.74
2020-05-23,318.74,320.09,315.47,316.81,761689,316.81
2020-05-24,316.81,323.02,314.47,320.65,1624877,320.65
2020-05-25,320.65,321.56,319.0,319.91,471467,319.91
2020-05-26,319.91,322.06,314.67,316.8,923436,316.8
2020-05-27,316.8,318.79,312.42,314.39,1124867,314.39
2020-05-28,314.39,318.44,312.83,316.86,862206,316.86
2020-05-29,316.86,318.35,316.35,317.84,992803,317.84
2020-05-30,317.84,319.99,316.95,319.1,1422283,319.1
2020-05-31,319.1,319.54,318.82,319.27,680496,319.27
2020-06-01,319.27,325.51,317.19,323.41,972904,323.41
2020-06-02,323.41,324.29,323.07,323.96,939515,323.96
2020-06-03,323.96,325.61,322.69,324.35,1225219,324.35
2020-06-04,324.35,325.54,321.47,322.66,831009,322.66
2020-06-05,322.66,324.37,319.97,321.67,1806093,321.67
2020-06-06,321.67,325.54,320.22,324.08,1370527,324.08
2020-06-07,324.08,325.62,320.83,322.36,916161,322.36
2020-06-08,322.36,324.39,321.01,323.04,845942,323.04
2020-06-09,323.04,324.43,320.0,321.39,1317958,321.39
2020-06-10,321.39,325.3,319.8,323.69,916908,323.69
2020-06-11,323.69,331.01,320.96,328.24,865563,328.24
2020-06-12,328.24,330.75,324.96,327.46,1442079,327.46
2020-06-13,327.46,331.26,324.55,328.34,546629,328.34
2020-06-14,328.34,333.65,323.83,329.13,1798640,329.13
2020-06-15,329.13,331.81,323.1,325.75,1566526,325.75
2020-06-16,325.75,330.99,323.82,329.03,2051643,329.03
2020-06-17,329.03,333.8,317.66,322.33,725612,322.33
2020-06-18,322.33,324.12,320.95,322.74,915827,322.74
2020-06-19,322.74,327.84,320.71,325.8,1055643,325.8
2020-06-20,325.8,328.66,324.84,327.7,693895,327.7
2020-06-21,327.7,328.57,325.84,326.7,571038,326.7
2020-06-22,326.7,331.71,324.53,329.52,1176063,329.52
2020-06-23,329.52,332.04,324.37,326.87,1192343,326.87
2020-06-24,326.87,329.17,324.27,326.57,1170533,326.57
2020-06-25,326.57,327.72,324.07,325.22,886178,325.22
2020-06-26,325.22,336.83,320.58,332.1,1297993,332.1
2020-06-27,332.1,337.47,329.47,334.82,971889,334.82
2020-06-28,334.82,341.95,318.48,325.41,1059134,325.41
2020-06-29,325.41,329.92,313.19,317.59,1658843,317.59
2020-06-30,317.59,320.6,308.68,311.64,969742,311.64
2020-07-01,311.64,318.03,309.38,315.74,1065241,315.74
2020-07-02,315.74,332.53,309.57,326.16,1987154,326.16
2020-07-03,326.16,332.21,323.43,329.45,933711,329.45
2020-07-04,329.45,337.98,326.53,335.02,1061244,335.02
2020-07-05,335.02,340.3,320.31,325.44,1841924,325.44
2020-07-06,325.44,327.71,322.96,325.23,1086563,325.23
2020-07-07,325.23,329.23,314.7,318.62,1647645,318.62
2020-07-08,318.62,322.41,317.31,321.09,1602298,321.09
2020-07-09,321.09,323.45,316.11,318.45,1028440,318.45
2020-07-10,318.45,318.74,317.61,317.9,807253,317.9
2020-07-11,317.9,327.26,314.33,323.63,1702827,323.63
2020-07-12,323.63,337.54,319.07,332.85,1239163,332.85
2020-07-13,332.85,357.42,324.38,348.55,1220141,348.55
2020-07-14,348.55,351.64,346.88,349.97,1138383,349.97
2020-07-15,349.97,380.72,339.77,369.93,1262397,369.93
2020-07-16,369.93,376.1,363.43,369.59,2035097,369.59
2020-07-17,369.59,388.29,317.51,334.43,2313316,334.43
2020-07-18,334.43,345.11,306.58,316.69,1674991,316.69
2020-07-19,316.69,330.74,311.27,325.18,1519868,325.18
2020-07-20,325.18,336.29,294.02,304.42,1487873,304.42
2020-07-21,304.42,316.63,300.16,312.26,1188418,312.26
2020-07-22,312.26,317.65,296.86,302.08,1120678,302.08
2020-07-23,302.08,304.21,296.92,299.04,460499,299.04
2020-07-24,299.04,347.13,280.52,326.89,1344981,326.89
2020-07-25,326.89,355.29,317.12,344.98,1134424,344.98
2020-07-26,344.98,367.26,337.56,359.53,940798,359.53
2020-07-27,359.53,361.74,354.6,356.8,1208371,356.8
2020-07-28,356.8,359.19,350.97,353.34,661521,353.34
2020-07-29,353.34,360.15,350.68,357.46,1414578,357.46
2020-07-30,357.46,363.05,342.52,347.96,1087086,347.96
2020-07-31,347.96,371.35,340.34,363.39,1635956,363.39
2020-08-01,363.39,378.53,321.52,335.5,1447651,335.5
2020-08-02,335.5,337.69,330.56,332.73,1053493,332.73
2020-08-03,332.73,337.45,321.51,326.13,2189375,326.13
2020-08-04,326.13,337.15,295.33,305.66,2549610,305.66
2020-08-05,305.66,318.23,301.28,313.74,976680,313.74
2020-08-06,313.74,323.12,310.58,319.89,1216536,319.89
2020-08-07,319.89,321.28,317.81,319.2,1434802,319.2
2020-08-08,319.2,324.72,316.09,321.59,899722,321.59
2020-08-09,321.59,331.41,317.98,327.72,904820,327.72
2020-08-10,327.72,341.68,323.15,336.97,1318263,336.97
2020-08-11,336.97,341.77,325.31,330.01,1063808,330.01
2020-08-12,330.01,355.44,320.27,345.25,1615998,345.25
2020-08-13,345.25,351.86,327.63,334.02,568462,334.02
2020-08-14,334.02,348.77,326.86,341.45,1432582,341.45
2020-08-15,341.45,347.68,323.54,329.54,1199604,329.54
2020-08-16,329.54,336.73,314.32,321.32,1218996,321.32
2020-08-17,321.32,322.76,320.28,321.72,1193685,321.72
2020-08-18,321.72,327.08,306.58,311.77,898827,311.77
2020-08-19,311.77,319.86,290.22,297.95,982843,297.95
2020-08-20,297.95,299.52,296.0,297.57,600086,297.57
2020-08-21,297.57,309.99,292.89,305.2,1325233,305.2
2020-08-22,305.2,319.2,266.88,279.71,1572657,279.71
2020-08-23,279.71,283.52,269.38,273.1,1011568,273.1
2020-08-24,273.1,276.93,262.33,266.06,948411,266.06
2020-08-25,266.06,268.08,263.09,265.1,983434,265.1
2020-08-26,265.1,275.67,260.98,271.46,1291717,271.46
2020-08-27,271.46,276.48,257.42,262.27,1581518,262.27
2020-08-28,262.27,263.32,261.37,262.42,1261959,262.42
2020-08-29,262.42,266.52,254.78,258.82,1271679,258.82
2020-08-30,258.82,268.39,254.79,264.27,1263979,264.27
2020-08-31,264.27,279.91,259.19,274.63,1262645,274.63
2020-09-01,274.63,286.35,270.19,281.79,1722913,281.79
2020-09-02,281.79,286.36,273.29,277.79,1292908,277.79
2020-09-03,277.79,280.4,276.39,279.0,1063882,279.0
2020-09-04,279.0,282.81,268.14,271.86,1733398,271.86
2020-09-05,271.86,274.61,264.07,266.78,788335,266.78
2020-09-06,266.78,283.87,261.05,277.9,2027774,277.9
2020-09-07,277.9,278.9,275.85,276.85,736765,276.85
2020-09-08,276.85,287.31,248.53,258.29,1460880,258.29
2020-09-09,258.29,264.64,240.68,246.75,828449,246.75
2020-09-10,246.75,261.62,239.91,254.56,973009,254.56
2020-09-11,254.56,257.63,247.31,250.33,959376,250.33
2020-09-12,250.33,251.23,248.19,249.08,795274,249.08
2020-09-13,249.08,261.02,244.34,256.13,1102616,256.13
2020-09-14,256.13,271.35,249.81,264.81,1164591,264.81
2020-09-15,264.81,268.78,254.28,258.15,1096980,258.15
2020-09-16,258.15,259.86,253.43,255.12,2169407,255.12
2020-09-17,255.12,257.46,249.17,251.48,1107985,251.48
2020-09-18,251.48,257.34,235.99,241.62,1285341,241.62
2020-09-19,241.62,242.95,240.47,241.8,1256869,241.8
2020-09-20,241.8,244.68,234.71,237.54,1086516,237.54
2020-09-21,237.54,246.56,234.37,243.31,1421017,243.31
2020-09-22,243.31,248.18,230.55,235.26,2221985,235.26
2020-09-23,235.26,238.81,225.29,228.74,712086,228.74
2020-09-24,228.74,234.16,213.03,218.2,1149269,218.2
2020-09-25,218.2,219.91,213.38,215.07,693714,215.07
2020-09-26,215.07,217.27,209.76,211.93,891698,211.93
2020-09-27,211.93,230.96,205.81,224.48,1331263,224.48
2020-09-28,224.48,231.98,203.53,210.57,1398388,210.57
2020-09-29,210.57,212.51,204.93,206.84,883080,206.84
2020-09-30,206.84,212.61,203.65,209.38,746344,209.38
2020-10-01,209.38,217.46,206.4,214.41,886288,214.41
2020-10-02,214.41,217.57,212.84,215.98,994143,215.98
2020-10-03,215.98,216.24,215.55,215.82,1117920,215.82
2020-10-04,215.82,238.23,208.48,230.4,1191195,230.4
2020-10-05,230.4,232.72,224.05,226.33,1040197,226.33
2020-10-06,226.33,227.71,222.23,223.6,774493,223.6
2020-10-07,223.6,227.16,214.97,218.45,956470,218.45
2020-10-08,218.45,218.49,218.37,218.41,865360,218.41
2020-10-09,218.41,224.85,200.86,206.95,1982549,206.95
2020-10-10,206.95,215.67,203.59,212.23,852261,212.23
2020-10-11,212.23,213.69,210.69,212.15,919274,212.15
2020-10-12,212.15,216.29,210.54,214.66,2625535,214.66
2020-10-13,214.66,226.84,209.72,221.74,1265569,221.74
2020-10-14,221.74,224.09,216.44,218.76,1145183,218.76
2020-10-15,218.76,220.02,217.59,218.85,983706,218.85
2020-10-16,218.85,222.15,210.97,214.2,619815,214.2
2020-10-17,214.2,222.55,193.11,200.94,2021258,200.94
2020-10-18,200.94,202.32,199.74,201.11,1042321,201.11
2020-10-19,201.11,204.74,193.87,197.43,878275,197.43
2020-10-20,197.43,199.43,191.85,193.82,998112,193.82
2020-10-21,193.82,207.36,189.01,202.35,650722,202.35
2020-10-22,202.35,206.19,191.71,195.42,1963254,195.42
2020-10-23,195.42,211.38,190.07,205.74,1400619,205.74
2020-10-24,205.74,208.79,198.99,201.99,1136378,201.99
2020-10-25,201.99,206.84,187.98,192.61,1810328,192.61
2020-10-26,192.61,207.52,187.09,201.74,1807113,201.74
2020-10-27,201.74,203.67,201.05,202.98,857627,202.98
2020-10-28,202.98,208.75,200.85,206.59,1318357,206.59
2020-10-29,206.59,209.67,199.11,202.12,1222391,202.12
2020-10-30,202.12,214.79,197.91,210.41,808719,210.41
2020-10-31,210.41,217.38,208.0,214.92,923805,214.92
2020-11-01,214.92,217.59,213.93,216.6,1249587,216.6
2020-11-02,216.6,220.68,213.78,217.85,1235456,217.85
2020-11-03,217.85,226.17,194.52,202.24,1982789,202.24
2020-11-04,202.24,205.85,200.85,204.44,1182935,204.44
2020-11-05,204.44,207.06,203.31,205.92,965007,205.92
2020-11-06,205.92,206.78,203.9,204.76,1459490,204.76
2020-11-07,204.76,216.25,200.65,212.0,934479,212.0
2020-11-08,212.0,224.65,207.0,219.49,918614,219.49
2020-11-09,219.49,224.43,217.85,222.77,867553,222.77
2020-11-10,222.77,229.4,220.53,227.11,1060380,227.11
2020-11-11,227.11,232.91,211.33,216.86,1810501,216.86
2020-11-12,216.86,220.3,215.49,218.91,1341256,218.91
2020-11-13,218.91,226.08,216.5,223.62,1004355,223.62
2020-11-14,223.62,227.32,213.72,217.31,1002674,217.31
2020-11-15,217.31,224.41,214.96,222.01,571636,222.01
2020-11-16,222.01,228.11,211.3,217.27,1469333,217.27
2020-11-17,217.27,218.3,216.77,217.81,1097555,217.81
2020-11-18,217.81,218.67,216.39,217.26,677813,217.26
2020-11-19,217.26,218.02,216.2,216.96,1051837,216.96
2020-11-20,216.96,217.94,216.24,217.21,852106,217.21
2020-11-21,217.21,220.0,216.23,219.0,879031,219.0
2020-11-22,219.0,220.33,218.13,219.45,1378264,219.45
2020-11-23,219.45,223.23,218.14,221.91,1239489,221.91
2020-11-24,221.91,227.16,219.71,224.93,1645125,224.93
2020-11-25,224.93,226.33,222.89,224.28,1076419,224.28
2020-11-26,224.28,224.56,223.59,223.88,872451,223.88
2020-11-27,223.88,225.69,223.09,224.9,1000208,224.9
2020-11-28,224.9,225.86,223.08,224.04,1191545,224.04
2020-11-29,224.04,224.78,222.47,223.2,967254,223.2
2020-11-30,223.2,227.91,220.93,225.62,1106998,225.62
2020-12-01,225.62,226.73,224.02,225.13,929840,225.13
2020-12-02,225.13,226.87,221.02,222.74,916086,222.74
2020-12-03,222.74,223.96,220.04,221.25,1206360,221.25
2020-12-04,221.25,221.97,219.5,220.22,1197320,220.22
2020-12-05,220.22,223.59,218.02,221.38,811615,221.38
2020-12-06,221.38,222.16,219.22,219.99,1742505,219.99
2020-12-07,219.99,222.96,218.68,221.63,1269712,221.63
2020-12-08,221.63,225.66,220.01,224.02,1469699,224.02
2020-12-09,224.02,225.54,223.01,224.53,780633,224.53
2020-12-10,224.53,225.04,224.26,224.77,1267886,224.77
2020-12-11,224.77,226.31,224.05,225.59,730619,225.59
2020-12-12,225.59,227.42,224.55,226.38,1620216,226.38
2020-12-13,226.38,230.72,224.68,229.0,1152971,229.0
2020-12-14,229.0,230.15,226.75,227.89,995075,227.89
2020-12-15,227.89,229.25,223.9,225.25,904987,225.25
2020-12-16,225.25,228.62,215.72,218.99,1105579,218.99
2020-12-17,218.99,220.37,217.05,218.43,1475636,218.43
2020-12-18,218.43,220.15,213.72,215.42,1426073,215.42
2020-12-19,215.42,219.43,212.74,216.74,1474667,216.74
2020-12-20,216.74,217.38,216.52,217.16,839828,217.16
2020-12-21,217.16,217.43,216.66,216.93,1122263,216.93
2020-12-22,216.93,217.18,216.23,216.48,1245474,216.48
2020-12-23,216.48,217.43,215.95,216.9,908002,216.9
2020-12-24,216.9,222.08,214.58,219.74,1033096,219.74
2020-12-25,219.74,221.36,215.52,217.13,869332,217.13
2020-12-26,217.13,221.29,214.69,218.83,1115400,218.83
2020-12-27,218.83,219.69,218.42,219.27,1215565,219.27
2020-12-28,219.27,219.9,218.46,219.09,855951,219.09
2020-12-29,219.09,220.33,215.9,217.13,1516494,217.13
2020-12-30,217.13,217.74,215.39,215.99,1143377,215.99
2020-12-31,215.99,217.69,215.06,216.76,985054,216.76
2021-01-01,216.76,217.56,214.47,215.27,1393444,215.27
2021-01-02,215.27,218.36,213.42,216.5,683634,216.5
2021-01-03,216.5,220.6,214.8,218.88,1060111,218.88
2021-01-04,218.88,221.39,217.84,220.34,807033,220.34
2021-01-05,220.34,220.96,219.23,219.84,925812,219.84
2021-01-06,219.84,220.18,219.08,219.42,1001631,219.42
2021-01-07,219.42,220.73,216.14,217.43,927266,217.43
2021-01-08,217.43,222.59,215.43,220.56,970265,220.56
2021-01-09,220.56,223.62,219.32,222.37,931770,222.37
2021-01-10,222.37,224.6,216.85,219.05,1127569,219.05
2021-01-11,219.05,219.77,218.41,219.13,786074,219.13
2021-01-12,219.13,222.08,211.55,214.44,1477770,214.44
2021-01-13,214.44,218.05,212.52,216.11,1080237,216.11
2021-01-14,216.11,216.99,215.46,216.33,1254302,216.33
2021-01-15,216.33,220.87,206.61,211.04,1429222,211.04
2021-01-16,211.04,215.89,196.98,201.62,1437730,201.62
2021-01-17,201.62,214.95,197.01,210.15,1159978,210.15
2021-01-18,210.15,212.99,202.67,205.44,1490763,205.44
2021-01-19,205.44,210.92,203.53,208.97,1183670,208.97
2021-01-20,208.97,223.14,204.34,218.3,2003084,218.3
2021-01-21,218.3,226.03,215.57,223.23,1416813,223.23
2021-01-22,223.23,240.1,217.58,234.17,1311956,234.17
2021-01-23,234.17,251.06,228.69,245.32,711145,245.32
2021-01-24,245.32,245.84,243.96,244.47,1032109,244.47
2021-01-25,244.47,246.86,238.89,241.25,1617285,241.25
2021-01-26,241.25,244.98,233.0,236.66,1719060,236.66
2021-01-27,236.66,239.85,229.3,232.43,790802,232.43
2021-01-28,232.43,235.96,222.43,225.86,610777,225.86
2021-01-29,225.86,230.23,215.36,219.6,1169245,219.6
2021-01-30,219.6,224.16,217.7,222.23,1189524,222.23
2021-01-31,222.23,224.28,216.29,218.31,2092029,218.31
2021-02-01,218.31,222.4,206.48,210.42,1028060,210.42
2021-02-02,210.42,211.56,209.76,210.9,1089868,210.9
2021-02-03,210.9,213.77,203.0,205.8,1637331,205.8
2021-02-04,205.8,206.75,205.11,206.06,1302813,206.06
2021-02-05,206.06,208.63,199.16,201.66,1150673,201.66
2021-02-06,201.66,203.31,200.98,202.63,1486312,202.63
2021-02-07,202.63,207.24,199.22,203.82,728553,203.82
2021-02-08,203.82,210.21,201.7,208.05,1065198,208.05
2021-02-09,208.05,215.43,203.96,211.28,1291025,211.28
2021-02-10,211.28,214.67,201.7,204.99,1252839,204.99
2021-02-11,204.99,209.77,191.85,196.43,2140816,196.43
2021-02-12,196.43,201.96,194.54,200.03,1799097,200.03
2021-02-13,200.03,210.0,196.73,206.59,1453776,206.59
2021-02-14,206.59,208.46,201.22,203.05,1660931,203.05
2021-02-15,203.05,203.75,201.17,201.86,809201,201.86
2021-02-16,201.86,208.99,198.86,205.93,1941926,205.93
2021-02-17,205.93,216.45,202.3,212.7,1526070,212.7
2021-02-18,212.7,217.56,201.02,205.72,1293834,205.72
2021-02-19,205.72,206.46,205.34,206.08,901454,206.08
2021-02-20,206.08,206.67,204.36,204.95,1133445,204.95
2021-02-21,204.95,205.33,204.77,205.15,969107,205.15
2021-02-22,205.15,206.66,200.79,202.28,1614921,202.28
2021-02-23,202.28,205.11,194.22,196.97,1263820,196.97
2021-02-24,196.97,208.78,192.68,204.32,967386,204.32
2021-02-25,204.32,205.36,203.65,204.69,990826,204.69
2021-02-26,204.69,216.92,200.64,212.71,1721069,212.71
2021-02-27,212.71,216.13,211.28,214.69,1118328,214.69
2021-02-28,214.69,218.6,207.2,211.05,926089,211.05
2021-03-01,211.05,214.83,200.96,204.63,1119344,204.63
2021-03-02,204.63,206.56,203.65,205.58,1244603,205.58
2021-03-03,205.58,210.93,190.63,195.72,1916896,195.72
2021-03-04,195.72,196.62,194.15,195.05,950445,195.05
2021-03-05,195.05,196.48,191.81,193.23,1341265,193.23
2021-03-06,193.23,195.82,187.83,190.39,1976100,190.39
2021-03-07,190.39,194.57,180.62,184.67,1170023,184.67
2021-03-08,184.67,185.61,182.76,183.69,1068655,183.69
2021-03-09,183.69,188.41,171.04,175.55,1187301,175.55
2021-03-10,175.55,178.44,167.77,170.58,2000878,170.58
2021-03-11,170.58,173.97,161.99,165.27,2042372,165.27
2021-03-12,165.27,175.96,161.72,172.26,2316030,172.26
2021-03-13,172.26,174.81,165.66,168.15,1499376,168.15
2021-03-14,168.15,169.88,167.45,169.18,944562,169.18
2021-03-15,169.18,171.13,167.03,168.98,920433,168.98
2021-03-16,168.98,169.09,168.93,169.04,1173234,169.04
2021-03-17,169.04,174.24,154.85,159.77,1160368,159.77
2021-03-18,159.77,160.21,158.59,159.02,1011200,159.02
2021-03-19,159.02,163.3,157.51,161.76,1817187,161.76
2021-03-20,161.76,163.3,160.63,162.17,1143795,162.17
2021-03-21,162.17,164.79,155.4,157.95,740584,157.95
2021-03-22,157.95,159.85,152.72,154.58,914737,154.58
2021-03-23,154.58,155.97,151.81,153.18,589659,153.18
2021-03-24,153.18,163.48,149.74,159.89,630203,159.89
2021-03-25,159.89,160.38,158.8,159.29,557567,159.29
2021-03-26,159.29,162.04,152.25,154.92,1115449,154.92
2021-03-27,154.92,164.33,151.58,160.87,1638243,160.87
2021-03-28,160.87,163.26,159.92,162.3,774878,162.3
2021-03-29,162.3,164.87,161.01,163.57,1095219,163.57
2021-03-30,163.57,165.46,158.57,160.43,1187007,160.43
2021-03-31,160.43,162.75,153.66,155.91,1009376,155.91
2021-04-01,155.91,157.53,151.16,152.75,844196,152.75
2021-04-02,152.75,154.48,148.67,150.38,800884,150.38
2021-04-03,150.38,152.16,146.2,147.95,1176754,147.95
2021-04-04,147.95,149.59,147.25,148.88,1266183,148.88
2021-04-05,148.88,151.87,147.46,150.43,725819,150.43
2021-04-06,150.43,152.26,145.16,146.95,1471054,146.95
2021-04-07,146.95,149.48,139.91,142.36,1376114,142.36
2021-04-08,142.36,153.04,138.68,149.18,1021034,149.18
2021-04-09,149.18,149.68,148.14,148.64,1379756,148.64
2021-04-10,148.64,156.2,146.11,153.58,1855741,153.58
2021-04-11,153.58,156.39,146.09,148.81,1374544,148.81
2021-04-12,148.81,149.63,146.94,147.75,1362736,147.75
2021-04-13,147.75,151.2,139.33,142.66,1442613,142.66
2021-04-14,142.66,144.39,139.21,140.91,1719487,140.91
2021-04-15,140.91,150.49,137.61,147.04,1121857,147.04
2021-04-16,147.04,154.5,144.39,151.76,1869509,151.76
2021-04-17,151.76,163.64,147.43,159.1,1018345,159.1
2021-04-18,159.1,163.95,156.08,160.9,1514327,160.9
2021-04-19,160.9,161.61,158.86,159.57,1466825,159.57
2021-04-20,159.57,161.72,155.63,157.75,1661617,157.75
2021-04-21,157.75,158.41,155.83,156.49,1080706,156.49
2021-04-22,156.49,156.78,155.78,156.07,699170,156.07
2021-04-23,156.07,159.28,154.47,157.66,1164325,157.66
2021-04-24,157.66,158.49,157.27,158.1,1235732,158.1
2021-04-25,158.1,158.96,155.76,156.61,466155,156.61
2021-04-26,156.61,160.7,155.05,159.11,2347521,159.11
2021-04-27,159.11,159.57,158.63,159.09,1013127,159.09
2021-04-28,159.09,162.09,157.75,160.73,931804,160.73
2021-04-29,160.73,164.76,159.03,163.04,729354,163.04
2021-04-30,163.04,163.27,162.46,162.69,1182411,162.69
2021-05-01,162.69,163.98,160.66,161.95,852628,161.95
2021-05-02,161.95,162.61,161.06,161.72,1046642,161.72
2021-05-03,161.72,166.68,159.58,164.51,1061070,164.51
2021-05-04,164.51,169.21,162.47,167.14,873932,167.14
2021-05-05,167.14,168.37,166.58,167.8,1848216,167.8
2021-05-06,167.8,167.9,167.75,167.85,1113704,167.85
2021-05-07,167.85,170.38,166.96,169.48,778239,169.48
2021-05-08,169.48,170.1,168.54,169.15,1496958,169.15
2021-05-09,169.15,171.68,168.07,170.59,1671089,170.59
2021-05-10,170.59,171.71,167.95,169.05,1052288,169.05
2021-05-11,169.05,169.19,168.96,169.1,663696,169.1
2021-05-12,169.1,172.61,167.25,170.73,829375,170.73
2021-05-13,170.73,177.46,168.4,175.06,953700,175.06
2021-05-14,175.06,176.09,172.43,173.45,1075709,173.45
2021-05-15,173.45,178.62,171.47,176.61,1332052,176.61
2021-05-16,176.61,185.34,172.34,180.97,1088448,180.97
2021-05-17,180.97,182.98,179.99,181.99,799336,181.99
2021-05-18,181.99,183.67,180.87,182.54,621201,182.54
2021-05-19,182.54,184.44,177.13,179.0,1327077,179.0
2021-05-20,179.0,181.81,177.9,180.7,869735,180.7
2021-05-21,180.7,182.47,176.19,177.93,1177973,177.93
2021-05-22,177.93,178.86,176.95,177.87,1020386,177.87
2021-05-23,177.87,179.49,177.19,178.8,1659202,178.8
2021-05-24,178.8,179.69,178.09,178.98,2223871,178.98
2021-05-25,178.98,179.53,177.85,178.4,1294289,178.4
2021-05-26,178.4,179.05,178.05,178.7,953040,178.7
2021-05-27,178.7,186.57,175.44,183.22,1121409,183.22
2021-05-28,183.22,185.31,180.2,182.28,879635,182.28
2021-05-29,182.28,188.31,179.8,185.79,1246425,185.79
2021-05-30,185.79,192.55,183.46,190.17,1720331,190.17
2021-05-31,190.17,191.02,188.87,189.72,607902,189.72
2021-06-01,189.72,191.57,185.16,186.98,1735067,186.98
2021-06-02,186.98,190.39,179.27,182.6,1151694,182.6
2021-06-03,182.6,189.65,179.43,186.41,1008484,186.41
2021-06-04,186.41,188.12,185.71,187.41,1261850,187.41
2021-06-05,187.41,188.56,184.62,185.76,1178674,185.76
2021-06-06,185.76,188.45,178.88,181.51,622804,181.51
2021-06-07,181.51,183.0,177.36,178.83,1594127,178.83
2021-06-08,178.83,180.79,174.79,176.73,912388,176.73
2021-06-09,176.73,177.36,175.06,175.68,1127167,175.68
2021-06-10,175.68,180.86,173.9,179.04,1638600,179.04
2021-06-11,179.04,180.55,178.38,179.89,894966,179.89
2021-06-12,179.89,180.74,177.71,178.55,1289252,178.55
2021-06-13,178.55,180.45,174.09,175.96,1101975,175.96
2021-06-14,175.96,177.59,172.13,173.74,1388914,173.74
2021-06-15,173.74,174.78,173.2,174.23,992364,174.23
2021-06-16,174.23,178.12,171.31,175.18,1262444,175.18
2021-06-17,175.18,176.13,173.64,174.58,772629,174.58
2021-06-18,174.58,176.71,169.54,171.64,931321,171.64
2021-06-19,171.64,174.85,164.28,167.41,720344,167.41
2021-06-20,167.41,170.09,166.16,168.83,1505643,168.83
2021-06-21,168.83,170.81,168.14,170.11,1098798,170.11
2021-06-22,170.11,170.52,169.93,170.33,1748299,170.33
2021-06-23,170.33,172.58,169.27,171.51,1104383,171.51
2021-06-24,171.51,172.97,167.73,169.17,1086806,169.17
2021-06-25,169.17,170.15,166.47,167.44,1394910,167.44
2021-06-26,167.44,170.26,166.5,169.31,1323675,169.31
2021-06-27,169.31,171.27,168.29,170.25,575156,170.25
2021-06-28,170.25,172.37,165.09,167.17,831597,167.17
2021-06-29,167.17,168.3,164.97,166.1,719943,166.1
2021-06-30,166.1,167.03,165.64,166.57,1422526,166.57
2021-07-01,166.57,168.27,165.78,167.48,1468212,167.48
2021-07-02,167.48,169.74,166.51,168.76,1297644,168.76
2021-07-03,168.76,171.31,164.38,166.9,1421590,166.9
2021-07-04,166.9,168.59,165.92,167.61,504267,167.61
2021-07-05,167.61,168.64,165.47,166.49,1008535,166.49
2021-07-06,166.49,167.36,165.48,166.35,1471831,166.35
2021-07-07,166.35,166.37,166.31,166.34,1880624,166.34
2021-07-08,166.34,167.16,164.04,164.86,914122,164.86
2021-07-09,164.86,165.23,164.28,164.66,579981,164.66
2021-07-10,164.66,166.48,163.95,165.76,1333889,165.76
2021-07-11,165.76,167.22,163.13,164.58,915446,164.58
2021-07-12,164.58,166.77,163.77,165.95,1288865,165.95
2021-07-13,165.95,167.19,162.63,163.86,1044554,163.86
2021-07-14,163.86,165.25,160.1,161.46,1059063,161.46
2021-07-15,161.46,162.83,158.75,160.1,974489,160.1
2021-07-16,160.1,162.24,158.86,161.0,866398,161.0
2021-07-17,161.0,161.9,159.01,159.9,1152621,159.9
2021-07-18,159.9,164.18,157.81,162.06,1289123,162.06
2021-07-19,162.06,163.35,159.82,161.11,1081482,161.11
2021-07-20,161.11,161.82,159.23,159.94,514289,159.94
2021-07-21,159.94,163.16,158.69,161.89,697092,161.89
2021-07-22,161.89,163.0,158.9,160.0,741489,160.0
2021-07-23,160.0,162.0,158.8,160.8,865801,160.8
2021-07-24,160.8,163.39,153.31,155.82,1524321,155.82
2021-07-25,155.82,156.32,154.44,154.94,946465,154.94
2021-07-26,154.94,157.18,154.19,156.42,1150237,156.42
2021-07-27,156.42,156.83,156.22,156.63,1179693,156.63
2021-07-28,156.63,157.74,153.9,155.01,602143,155.01
2021-07-29,155.01,157.64,147.5,150.04,1945007,150.04
2021-07-30,150.04,155.71,148.09,153.71,1535067,153.71
2021-07-31,153.71,161.89,150.74,158.82,783032,158.82
2021-08-01,158.82,159.95,156.14,157.27,1150259,157.27
2021-08-02,157.27,158.09,155.13,155.94,1173241,155.94
2021-08-03,155.94,160.04,154.41,158.48,1713154,158.48
2021-08-04,158.48,161.81,157.37,160.69,1436178,160.69
2021-08-05,160.69,161.77,157.58,158.64,1677404,158.64
2021-08-06,158.64,159.69,156.47,157.51,996769,157.51
2021-08-07,157.51,159.79,156.3,158.57,1185382,158.57
2021-08-08,158.57,159.45,156.44,157.31,912506,157.31
2021-08-09,157.31,158.1,156.4,157.18,709400,157.18
2021-08-10,157.18,160.2,152.37,155.35,979320,155.35
2021-08-11,155.35,157.41,149.34,151.35,1381660,151.35
2021-08-12,151.35,153.89,150.48,153.01,1719581,153.01
2021-08-13,153.01,154.81,151.14,152.93,918556,152.93
2021-08-14,152.93,153.9,150.05,151.01,1148426,151.01
2021-08-15,151.01,151.83,148.95,149.77,1003241,149.77
2021-08-16,149.77,150.62,147.85,148.7,1136020,148.7
2021-08-17,148.7,154.64,146.52,152.4,1195436,152.4
2021-08-18,152.4,157.25,150.63,155.44,1567740,155.44
2021-08-19,155.44,156.16,154.92,155.64,1126426,155.64
2021-08-20,155.64,156.7,152.56,153.61,728413,153.61
2021-08-21,153.61,155.9,150.36,152.63,741914,152.63
2021-08-22,152.63,152.86,152.38,152.61,864964,152.61
2021-08-23,152.61,153.43,150.49,151.31,728620,151.31
2021-08-24,151.31,154.63,150.02,153.32,1901371,153.32
2021-08-25,153.32,154.51,150.01,151.18,878003,151.18
2021-08-26,151.18,152.89,147.27,148.96,1104407,148.96
2021-08-27,148.96,152.58,147.58,151.19,881934,151.19
2021-08-28,151.19,154.94,149.86,153.59,1273273,153.59
2021-08-29,153.59,156.39,152.55,155.33,1092972,155.33
2021-08-30,155.33,155.91,153.91,154.48,1300554,154.48
2021-08-31,154.48,155.54,152.02,153.07,1399233,153.07
2021-09-01,153.07,155.01,148.27,150.18,725884,150.18
2021-09-02,150.18,151.54,149.44,150.79,1675775,150.79
2021-09-03,150.79,152.38,148.43,150.01,1069184,150.01
2021-09-04,150.01,151.61,145.48,147.05,1157839,147.05
2021-09-05,147.05,151.08,145.52,149.52,1171009,149.52
2021-09-06,149.52,155.93,147.28,153.63,2045141,153.63
2021-09-07,153.63,156.41,145.72,148.4,1238921,148.4
2021-09-08,148.4,151.41,145.06,148.06,994977,148.06
2021-09-09,148.06,149.14,145.6,146.67,771224,146.67
2021-09-10,146.67,150.17,145.44,148.91,1079110,148.91
2021-09-11,148.91,150.32,145.13,146.52,1433620,146.52
2021-09-12,146.52,147.49,143.79,144.75,1522362,144.75
2021-09-13,144.75,149.68,142.99,147.88,1099599,147.88
2021-09-14,147.88,149.05,147.2,148.36,2023755,148.36
2021-09-15,148.36,149.73,147.89,149.26,600118,149.26
2021-09-16,149.26,151.85,148.33,150.91,2129778,150.91
2021-09-17,150.91,155.52,149.0,153.57,1251007,153.57
2021-09-18,153.57,154.62,151.98,153.02,707098,153.02
2021-09-19,153.02,155.9,146.7,149.51,1068874,149.51
2021-09-20,149.51,153.96,147.73,152.14,1197574,152.14
2021-09-21,152.14,153.87,151.37,153.09,1020341,153.09
2021-09-22,153.09,153.73,152.48,153.12,421007,153.12
2021-09-23,153.12,154.73,151.2,152.81,1069093,152.81
2021-09-24,152.81,155.17,151.81,154.17,1317329,154.17
2021-09-25,154.17,154.64,152.85,153.32,1074574,153.32
2021-09-26,153.32,154.69,152.83,154.2,921742,154.2
2021-09-27,154.2,157.05,147.65,150.44,1216386,150.44
2021-09-28,150.44,152.35,146.15,148.02,1602069,148.02
2021-09-29,148.02,148.23,147.55,147.76,900131,147.76
2021-09-30,147.76,149.25,146.67,148.16,1381930,148.16
2021-10-01,148.16,149.93,143.02,144.75,899846,144.75
2021-10-02,144.75,147.52,142.05,144.81,1500922,144.81
2021-10-03,144.81,146.77,143.77,145.72,1233610,145.72
2021-10-04,145.72,146.8,142.56,143.62,1336258,143.62
2021-10-05,143.62,144.54,143.08,143.99,1005550,143.99
2021-10-06,143.99,144.81,143.66,144.48,1328480,144.48
2021-10-07,144.48,148.13,143.1,146.73,1452857,146.73
2021-10-08,146.73,151.25,145.08,149.57,1478158,149.57
2021-10-09,149.57,151.42,145.31,147.13,897158,147.13
2021-10-10,147.13,148.29,144.61,145.76,761236,145.76
2021-10-11,145.76,146.54,143.64,144.41,1587347,144.41
2021-10-12,144.41,146.38,141.73,143.69,1024046,143.69
2021-10-13,143.69,144.31,143.41,144.04,1173117,144.04
2021-10-14,144.04,145.71,139.43,141.07,1099187,141.07
2021-10-15,141.07,142.69,140.08,141.69,1587753,141.69
2021-10-16,141.69,144.72,140.69,143.71,1151984,143.71
2021-10-17,143.71,144.06,142.72,143.07,1000469,143.07
2021-10-18,143.07,143.83,142.37,143.13,1110836,143.13
2021-10-19,143.13,144.98,142.02,143.86,1068447,143.86
2021-10-20,143.86,147.33,142.59,146.04,1150983,146.04
2021-10-21,146.04,152.59,143.87,150.36,1630722,150.36
2021-10-22,150.36,153.82,149.19,152.64,1279717,152.64
2021-10-23,152.64,155.83,151.27,154.44,1099203,154.44
2021-10-24,154.44,156.51,149.67,151.7,1961277,151.7
2021-10-25,151.7,153.93,150.92,153.14,1210318,153.14
2021-10-26,153.14,156.09,152.08,155.01,756106,155.01
2021-10-27,155.01,158.82,153.74,157.53,763216,157.53
2021-10-28,157.53,161.44,156.21,160.1,1081425,160.1
2021-10-29,160.1,165.5,158.18,163.54,1484077,163.54
2021-10-30,163.54,167.06,162.11,165.61,1102545,165.61
2021-10-31,165.61,166.71,164.57,165.66,1098760,165.66
2021-11-01,165.66,170.08,160.58,164.98,672086,164.98
2021-11-02,164.98,165.87,162.74,163.62,1135258,163.62
2021-11-03,163.62,167.56,160.98,164.9,816843,164.9
2021-11-04,164.9,167.98,156.37,159.34,2504157,159.34
2021-11-05,159.34,159.55,158.95,159.17,899449,159.17
2021-11-06,159.17,162.95,157.8,161.56,866289,161.56
2021-11-07,161.56,162.09,160.09,160.63,1068209,160.63
2021-11-08,160.63,161.26,160.14,160.77,916812,160.77
2021-11-09,160.77,162.61,155.76,157.57,930236,157.57
2021-11-10,157.57,158.94,155.2,156.57,1310070,156.57
2021-11-11,156.57,157.13,155.04,155.6,1027835,155.6
2021-11-12,155.6,156.56,153.54,154.5,959655,154.5
2021-11-13,154.5,158.62,152.93,157.03,1105435,157.03
2021-11-14,157.03,157.48,156.11,156.55,934008,156.55
2021-11-15,156.55,157.4,156.18,157.03,2001687,157.03
2021-11-16,157.03,157.39,156.78,157.14,1135930,157.14
2021-11-17,157.14,161.96,155.52,160.3,935228,160.3
2021-11-18,160.3,163.78,158.84,162.29,911756,162.29
2021-11-19,162.29,163.0,160.53,161.22,490899,161.22
2021-11-20,161.22,162.48,157.95,159.19,1339009,159.19
2021-11-21,159.19,160.14,157.31,158.25,1859008,158.25
2021-11-22,158.25,160.93,152.39,155.01,1341626,155.01
2021-11-23,155.01,155.4,154.33,154.72,827085,154.72
2021-11-24,154.72,154.91,154.24,154.43,1115895,154.43
2021-11-25,154.43,154.73,153.62,153.92,835881,153.92
2021-11-26,153.92,157.21,152.45,155.71,902036,155.71
2021-11-27,155.71,156.68,155.31,156.28,1143446,156.28
2021-11-28,156.28,157.76,154.43,155.91,1520441,155.91
2021-11-29,155.91,156.94,153.48,154.5,924932,154.5
2021-11-30,154.5,157.18,153.14,155.81,1640543,155.81
2021-12-01,155.81,156.78,153.01,153.97,1050895,153.97
2021-12-02,153.97,155.88,149.38,151.25,826296,151.25
2021-12-03,151.25,152.12,148.72,149.58,515752,149.58
2021-12-04,149.58,155.47,147.47,153.29,1288935,153.29
2021-12-05,153.29,156.85,144.36,147.8,957479,147.8
2021-12-06,147.8,149.78,146.9,148.88,1093985,148.88
2021-12-07,148.88,153.72,146.91,151.71,1112795,151.71
2021-12-08,151.71,153.09,151.2,152.58,1131232,152.58
2021-12-09,152.58,155.32,147.43,150.13,1137582,150.13
2021-12-10,150.13,151.7,145.99,147.53,2038469,147.53
2021-12-11,147.53,147.98,146.31,146.76,1234272,146.76
2021-12-12,146.76,152.12,144.88,150.2,2190976,150.2
2021-12-13,150.2,152.38,149.33,151.5,1335881,151.5
2021-12-14,151.5,152.59,150.98,152.08,1155757,152.08
2021-12-15,152.08,152.84,150.47,151.23,439732,151.23
2021-12-16,151.23,152.42,147.7,148.87,1068608,148.87
2021-12-17,148.87,150.93,148.06,150.1,1220335,150.1
2021-12-18,150.1,151.47,149.4,150.76,1157349,150.76
2021-12-19,150.76,151.84,148.62,149.69,1002973,149.69
2021-12-20,149.69,149.86,149.28,149.44,849597,149.44
2021-12-21,149.44,150.83,148.07,149.46,1139944,149.46
2021-12-22,149.46,150.47,148.54,149.55,794037,149.55
2021-12-23,149.55,151.07,145.39,146.88,885886,146.88
2021-12-24,146.88,147.15,146.7,146.97,1061333,146.97
2021-12-25,146.97,151.08,145.24,149.33,981361,149.33
2021-12-26,149.33,151.44,148.44,150.55,718102,150.55
2021-12-27,150.55,151.69,147.28,148.4,912756,148.4
2021-12-28,148.4,149.71,145.31,146.6,1838376,146.6
2021-12-29,146.6,148.17,145.91,147.48,1337960,147.48
2021-12-30,147.48,147.61,147.25,147.39,1383241,147.39
2021-12-31,147.39,148.9,143.86,145.35,1332981,145.35
2022-01-01,145.35,147.98,144.4,147.02,1288233,147.02
2022-01-02,147.02,148.35,146.36,147.68,782269,147.68
2022-01-03,147.68,152.54,145.46,150.27,1153643,150.27
2022-01-04,150.27,152.5,149.4,151.62,794636,151.62
2022-01-05,151.62,151.85,151.17,151.41,822725,151.41
2022-01-06,151.41,152.64,150.72,151.95,853146,151.95
2022-01-07,151.95,153.2,151.21,152.46,672991,152.46
2022-01-08,152.46,156.1,151.14,154.77,557532,154.77
2022-01-09,154.77,155.45,152.91,153.59,1561947,153.59
2022-01-10,153.59,159.42,151.6,157.39,822724,157.39
2022-01-11,157.39,158.54,154.26,155.4,1200390,155.4
2022-01-12,155.4,155.9,154.85,155.35,618625,155.35
2022-01-13,155.35,159.74,153.75,158.11,1438069,158.11
2022-01-14,158.11,163.28,156.32,161.45,1420239,161.45
2022-01-15,161.45,165.63,159.17,163.33,977364,163.33
2022-01-16,163.33,169.76,160.62,167.0,2126849,167.0
2022-01-17,167.0,167.3,166.38,166.68,899325,166.68
2022-01-18,166.68,168.88,165.84,168.03,1017258,168.03
2022-01-19,168.03,169.47,167.45,168.89,1381239,168.89
2022-01-20,168.89,170.52,167.94,169.57,1190089,169.57
2022-01-21,169.57,170.99,166.63,168.04,843910,168.04
2022-01-22,168.04,172.54,166.37,170.84,1377287,170.84
2022-01-23,170.84,173.45,169.55,172.15,1484991,172.15
2022-01-24,172.15,173.03,170.03,170.9,686350,170.9
2022-01-25,170.9,175.46,169.11,173.64,843685,173.64
2022-01-26,173.64,176.81,172.4,175.55,1048132,175.55
2022-01-27,175.55,175.84,175.07,175.35,921248,175.35
2022-01-28,175.35,178.79,173.83,177.25,677684,177.25
2022-01-29,177.25,178.88,176.7,178.33,1010063,178.33
2022-01-30,178.33,180.2,177.57,179.44,929665,179.44
2022-01-31,179.44,181.18,174.33,176.04,1739026,176.04
2022-02-01,176.04,177.98,170.39,172.29,1032260,172.29
2022-02-02,172.29,174.7,166.34,168.7,1536182,168.7
2022-02-03,168.7,171.74,167.66,170.68,740379,170.68
2022-02-04,170.68,172.01,169.34,170.66,1080455,170.66
2022-02-05,170.66,171.18,169.56,170.07,1495903,170.07
2022-02-06,170.07,171.24,167.61,168.77,1252971,168.77
2022-02-07,168.77,169.55,168.28,169.06,755246,169.06
2022-02-08,169.06,172.29,167.66,170.87,1262497,170.87
2022-02-09,170.87,171.67,168.56,169.35,906620,169.35
2022-02-10,169.35,173.61,167.92,172.16,1112794,172.16
2022-02-11,172.16,174.71,171.28,173.81,583025,173.81
2022-02-12,173.81,175.93,172.77,174.89,796298,174.89
2022-02-13,174.89,175.86,172.72,173.69,2021940,173.69
2022-02-14,173.69,173.98,173.41,173.7,794428,173.7
2022-02-15,173.7,175.57,172.63,174.5,1068384,174.5
2022-02-16,174.5,177.96,173.11,176.56,1811422,176.56
2022-02-17,176.56,177.71,173.71,174.85,908122,174.85
2022-02-18,174.85,175.94,174.28,175.36,818339,175.36
2022-02-19,175.36,176.41,173.1,174.14,896358,174.14
2022-02-20,174.14,176.49,168.99,171.29,759440,171.29
2022-02-21,171.29,172.4,168.02,169.12,896241,169.12
2022-02-22,169.12,169.79,167.69,168.37,430219,168.37
2022-02-23,168.37,168.85,168.14,168.63,965610,168.63
2022-02-24,168.63,178.75,164.86,174.83,1701973,174.83
2022-02-25,174.83,175.85,172.38,173.38,1333596,173.38
2022-02-26,173.38,174.75,172.85,174.22,2071300,174.22
2022-02-27,174.22,174.58,173.58,173.94,1429297,173.94
2022-02-28,173.94,174.59,172.28,172.93,1436451,172.93
2022-03-01,172.93,179.85,170.61,177.47,1249328,177.47
2022-03-02,177.47,181.33,175.45,179.29,1265856,179.29
2022-03-03,179.29,183.37,177.81,181.86,1218894,181.86
2022-03-04,181.86,183.2,178.36,179.68,1296042,179.68
2022-03-05,179.68,182.87,178.48,181.65,1741683,181.65
2022-03-06,181.65,187.58,179.37,185.26,2046985,185.26
2022-03-07,185.26,186.65,182.78,184.16,1424462,184.16
2022-03-08,184.16,185.09,181.92,182.84,923139,182.84
2022-03-09,182.84,184.92,181.38,183.45,1167825,183.45
2022-03-10,183.45,184.99,181.03,182.56,1793226,182.56
2022-03-11,182.56,187.6,180.53,185.54,1083223,185.54
2022-03-12,185.54,188.21,181.99,184.64,1377541,184.64
2022-03-13,184.64,186.28,180.02,181.63,616086,181.63
2022-03-14,181.63,182.87,178.48,179.71,647782,179.71
2022-03-15,179.71,189.14,176.48,185.79,1071371,185.79
2022-03-16,185.79,189.9,183.83,187.91,825173,187.91
2022-03-17,187.91,188.28,187.77,188.14,924551,188.14
2022-03-18,188.14,197.27,185.03,194.05,1835683,194.05
2022-03-19,194.05,195.42,193.56,194.92,529469,194.92
2022-03-20,194.92,204.55,191.48,201.0,820862,201.0
2022-03-21,201.0,203.35,194.36,196.67,1704570,196.67
2022-03-22,196.67,201.09,195.15,199.55,1581525,199.55
2022-03-23,199.55,203.56,197.71,201.7,1424243,201.7
2022-03-24,201.7,203.14,199.16,200.59,1052477,200.59
2022-03-25,200.59,207.58,198.09,205.01,2019135,205.01
2022-03-26,205.01,208.5,203.76,207.23,1932094,207.23
2022-03-27,207.23,212.7,203.63,209.07,1229484,209.07
2022-03-28,209.07,212.48,199.16,202.46,1407588,202.46
2022-03-29,202.46,208.44,200.47,206.42,1350790,206.42
2022-03-30,206.42,208.03,204.17,205.77,866392,205.77
2022-03-31,205.77,216.98,201.06,212.12,1065392,212.12
2022-04-01,212.12,212.59,211.09,211.55,939133,211.55
2022-04-02,211.55,220.32,207.59,216.26,744793,216.26
2022-04-03,216.26,225.18,212.62,221.45,1471676,221.45
2022-04-04,221.45,222.16,219.36,220.08,1105466,220.08
2022-04-05,220.08,222.13,214.47,216.5,1341116,216.5
2022-04-06,216.5,222.01,214.57,220.05,598804,220.05
2022-04-07,220.05,222.01,219.16,221.11,982848,221.11
2022-04-08,221.11,227.77,218.76,225.38,950119,225.38
2022-04-09,225.38,232.1,223.12,229.79,1035093,229.79
2022-04-10,229.79,232.72,221.57,224.42,1343388,224.42
2022-04-11,224.42,225.0,222.85,223.43,1246079,223.43
2022-04-12,223.43,224.54,223.03,224.13,1802779,224.13
2022-04-13,224.13,226.96,223.04,225.87,790892,225.87
2022-04-14,225.87,230.06,223.95,228.13,1082733,228.13
2022-04-15,228.13,234.82,225.57,232.22,793847,232.22
2022-04-16,232.22,234.5,231.46,233.73,1464458,233.73
2022-04-17,233.73,238.67,232.1,237.02,1456069,237.02
2022-04-18,237.02,238.05,235.13,236.16,1166002,236.16
2022-04-19,236.16,239.14,234.72,237.68,955433,237.68
2022-04-20,237.68,239.43,235.2,236.95,1178090,236.95
2022-04-21,236.95,239.08,231.85,233.95,1505212,233.95
2022-04-22,233.95,235.92,228.61,230.55,1299153,230.55
2022-04-23,230.55,239.56,226.76,235.68,947192,235.68
2022-04-24,235.68,237.83,230.03,232.15,638232,232.15
2022-04-25,232.15,241.27,206.67,215.12,2131597,215.12
2022-04-26,215.12,216.28,211.87,213.02,624408,213.02
2022-04-27,213.02,215.14,209.05,211.16,1318940,211.16
2022-04-28,211.16,212.24,208.0,209.07,983136,209.07
2022-04-29,209.07,211.53,202.69,205.11,1270110,205.11
2022-04-30,205.11,206.58,201.08,202.54,1142987,202.54
2022-05-01,202.54,206.12,201.0,204.57,717988,204.57
2022-05-02,204.57,206.26,200.85,202.53,704058,202.53
2022-05-03,202.53,203.0,201.66,202.14,1443851,202.14
2022-05-04,202.14,202.5,201.27,201.63,2299965,201.63
2022-05-05,201.63,203.38,201.01,202.76,1224529,202.76
2022-05-06,202.76,211.92,199.52,208.59,1253992,208.59
2022-05-07,208.59,209.93,204.97,206.29,1026710,206.29
2022-05-08,206.29,213.99,203.28,210.91,1252414,210.91
2022-05-09,210.91,215.22,209.37,213.66,866345,213.66
2022-05-10,213.66,214.59,212.96,213.9,813853,213.9
2022-05-11,213.9,214.63,212.01,212.74,1377130,212.74
2022-05-12,212.74,214.34,211.99,213.59,782857,213.59
2022-05-13,213.59,220.34,210.77,217.46,806113,217.46
2022-05-14,217.46,221.24,216.08,219.84,1125922,219.84
2022-05-15,219.84,221.63,215.9,217.68,1518163,217.68
2022-05-16,217.68,221.71,215.78,219.79,1130468,219.79
2022-05-17,219.79,225.41,217.64,223.23,1005871,223.23
2022-05-18,223.23,223.6,222.31,222.68,1509220,222.68
2022-05-19,222.68,224.57,220.54,222.44,805642,222.44
2022-05-20,222.44,223.46,221.01,222.03,1174262,222.03
2022-05-21,222.03,224.33,215.65,217.91,1268575,217.91
2022-05-22,217.91,219.12,215.12,216.33,1093495,216.33
2022-05-23,216.33,219.75,214.75,218.16,846079,218.16
2022-05-24,218.16,225.45,215.68,222.92,1425699,222.92
2022-05-25,222.92,224.96,219.04,221.07,1217697,221.07
2022-05-26,221.07,222.02,219.17,220.12,876169,220.12
2022-05-27,220.12,222.36,215.29,217.5,670033,217.5
2022-05-28,217.5,217.95,217.05,217.49,784652,217.49
2022-05-29,217.49,218.29,216.93,217.73,1048819,217.73
2022-05-30,217.73,218.73,216.44,217.44,1118234,217.44
2022-05-31,217.44,218.51,214.61,215.67,758239,215.67
2022-06-01,215.67,217.2,213.76,215.28,1284938,215.28
2022-06-02,215.28,218.49,206.43,209.54,1363793,209.54
2022-06-03,209.54,210.07,208.17,208.69,1344512,208.69
2022-06-04,208.69,208.93,208.08,208.33,925837,208.33
2022-06-05,208.33,209.4,205.58,206.64,883606,206.64
2022-06-06,206.64,209.2,200.16,202.66,918637,202.66
2022-06-07,202.66,205.79,196.43,199.51,1086673,199.51
2022-06-08,199.51,200.57,198.6,199.65,1008053,199.65
2022-06-09,199.65,207.21,196.73,204.22,1087939,204.22
2022-06-10,204.22,213.98,200.82,210.47,1472274,210.47
2022-06-11,210.47,213.33,202.23,205.01,1574796,205.01
2022-06-12,205.01,205.69,204.17,204.85,1265446,204.85
2022-06-13,204.85,209.12,195.2,199.36,949364,199.36
2022-06-14,199.36,202.69,190.18,193.41,2318778,193.41
2022-06-15,193.41,195.55,192.55,194.68,1256491,194.68
2022-06-16,194.68,199.26,192.77,197.32,1453049,197.32
2022-06-17,197.32,207.47,193.93,203.97,1910365,203.97
2022-06-18,203.97,207.71,202.26,205.99,907222,205.99
2022-06-19,205.99,207.07,204.72,205.79,896850,205.79
2022-06-20,205.79,206.99,202.7,203.89,1412279,203.89
2022-06-21,203.89,210.77,201.55,208.37,911418,208.37
2022-06-22,208.37,217.54,204.82,213.9,972968,213.9
2022-06-23,213.9,219.23,210.61,215.91,1597148,215.91
2022-06-24,215.91,218.54,208.4,210.96,972962,210.96
2022-06-25,210.96,211.43,209.74,210.21,602076,210.21
2022-06-26,210.21,213.47,208.67,211.92,1183283,211.92
2022-06-27,211.92,212.21,211.37,211.65,869563,211.65
2022-06-28,211.65,219.37,208.78,216.43,2032899,216.43
2022-06-29,216.43,218.63,211.45,213.63,1189057,213.63
2022-06-30,213.63,216.69,211.92,214.97,1519944,214.97
2022-07-01,214.97,217.71,207.75,210.43,1338181,210.43
2022-07-02,210.43,215.71,202.23,207.45,1545450,207.45
2022-07-03,207.45,208.06,206.79,207.4,1755754,207.4
2022-07-04,207.4,210.98,206.05,209.62,1128104,209.62
2022-07-05,209.62,213.41,207.66,211.44,1284748,211.44
2022-07-06,211.44,213.22,207.68,209.45,2455579,209.45
2022-07-07,209.45,211.87,203.3,205.68,1071258,205.68
2022-07-08,205.68,207.89,204.05,206.26,926202,206.26
2022-07-09,206.26,209.75,205.04,208.52,799547,208.52
2022-07-10,208.52,210.92,207.5,209.89,1050453,209.89
2022-07-11,209.89,213.87,208.07,212.03,2101452,212.03
2022-07-12,212.03,215.36,210.62,213.94,1080095,213.94
2022-07-13,213.94,220.52,210.89,217.42,1070917,217.42
2022-07-14,217.42,226.06,214.17,222.73,1348366,222.73
2022-07-15,222.73,227.72,208.91,213.71,1587511,213.71
2022-07-16,213.71,218.03,212.27,216.58,1047836,216.58
2022-07-17,216.58,218.56,215.84,217.82,942211,217.82
2022-07-18,217.82,218.91,217.11,218.2,894506,218.2
2022-07-19,218.2,223.09,216.14,221.0,1328094,221.0
2022-07-20,221.0,223.39,220.21,222.59,1213505,222.59
2022-07-21,222.59,224.34,218.98,220.71,564808,220.71
2022-07-22,220.71,221.45,220.46,221.2,1070708,221.2
2022-07-23,221.2,223.44,220.42,222.66,995252,222.66
2022-07-24,222.66,227.97,220.49,225.77,1093050,225.77
2022-07-25,225.77,233.01,222.85,230.03,1581382,230.03
2022-07-26,230.03,230.8,227.73,228.5,748567,228.5
2022-07-27,228.5,228.96,227.65,228.12,794100,228.12
2022-07-28,228.12,229.52,224.45,225.84,1176659,225.84
2022-07-29,225.84,233.07,223.39,230.57,806215,230.57
2022-07-30,230.57,232.44,227.39,229.26,1316276,229.26
2022-07-31,229.26,230.9,225.32,226.95,1379093,226.95
2022-08-01,226.95,227.52,226.73,227.29,1036435,227.29
2022-08-02,227.29,228.72,224.19,225.6,1410003,225.6
2022-08-03,225.6,231.41,223.34,229.11,720854,229.11
2022-08-04,229.11,251.86,221.05,243.3,1136096,243.3
2022-08-05,243.3,247.77,232.71,237.07,901214,237.07
2022-08-06,237.07,239.53,231.98,234.42,1484405,234.42
2022-08-07,234.42,236.68,233.4,235.66,1344653,235.66
2022-08-08,235.66,240.33,234.01,238.66,960709,238.66
2022-08-09,238.66,242.1,237.01,240.44,703157,240.44
2022-08-10,240.44,241.97,237.93,239.46,933023,239.46
2022-08-11,239.46,240.04,238.62,239.2,1264511,239.2
2022-08-12,239.2,242.5,238.05,241.34,1627853,241.34
2022-08-13,241.34,244.1,240.15,242.9,1013379,242.9
2022-08-14,242.9,243.39,241.57,242.06,451017,242.06
2022-08-15,242.06,245.4,234.56,237.84,943788,237.84
2022-08-16,237.84,241.74,236.19,240.08,1230462,240.08
2022-08-17,240.08,246.47,237.15,243.5,1855918,243.5
2022-08-18,243.5,250.77,240.62,247.83,856051,247.83
2022-08-19,247.83,248.57,246.7,247.43,919331,247.43
2022-08-20,247.43,251.34,245.84,249.74,1573291,249.74
2022-08-21,249.74,252.4,248.56,251.21,1597729,251.21
2022-08-22,251.21,259.9,247.61,256.23,1257421,256.23
2022-08-23,256.23,256.52,255.47,255.76,1142006,255.76
2022-08-24,255.76,256.66,254.16,255.06,1250787,255.06
2022-08-25,255.06,256.56,250.93,252.41,1876239,252.41
2022-08-26,252.41,255.67,251.26,254.51,683858,254.51
2022-08-27,254.51,266.46,249.86,261.68,973858,261.68
2022-08-28,261.68,262.3,261.17,261.8,925658,261.8
2022-08-29,261.8,269.99,258.96,267.09,1064346,267.09
2022-08-30,267.09,268.52,265.91,267.34,1328962,267.34
2022-08-31,267.34,267.36,267.33,267.34,1479854,267.34
2022-09-01,267.34,268.75,266.71,268.12,747369,268.12
2022-09-02,268.12,268.23,267.88,267.98,1159635,267.98
2022-09-03,267.98,269.5,263.73,265.24,847567,265.24
2022-09-04,265.24,273.48,261.77,269.95,545628,269.95
2022-09-05,269.95,271.59,265.7,267.32,1551312,267.32
2022-09-06,267.32,270.57,258.52,261.7,2279360,261.7
2022-09-07,261.7,263.75,260.09,262.14,1045190,262.14
2022-09-08,262.14,269.3,259.34,266.45,1280070,266.45
2022-09-09,266.45,268.35,262.7,264.59,918575,264.59
2022-09-10,264.59,272.59,261.69,269.65,1720669,269.65
2022-09-11,269.65,273.34,267.55,271.23,2304927,271.23
2022-09-12,271.23,273.66,264.79,267.17,1173530,267.17
2022-09-13,267.17,272.74,265.17,270.71,842425,270.71
2022-09-14,270.71,280.39,266.37,275.96,2081428,275.96
2022-09-15,275.96,281.83,274.02,279.86,1528689,279.86
2022-09-16,279.86,281.04,277.39,278.57,1062276,278.57
2022-09-17,278.57,289.03,273.94,284.3,809383,284.3
2022-09-18,284.3,288.56,282.87,287.11,964172,287.11
2022-09-19,287.11,296.4,283.24,292.45,1129308,292.45
2022-09-20,292.45,294.32,291.52,293.39,1351059,293.39
2022-09-21,293.39,297.83,291.09,295.51,1855660,295.51
2022-09-22,295.51,298.41,290.17,293.05,753453,293.05
2022-09-23,293.05,306.48,286.23,299.52,1316840,299.52
2022-09-24,299.52,303.57,297.68,301.72,1402195,301.72
2022-09-25,301.72,307.34,292.33,297.88,574546,297.88
2022-09-26,297.88,299.94,295.44,297.5,1040674,297.5
2022-09-27,297.5,307.08,273.38,282.48,2245336,282.48
2022-09-28,282.48,285.38,280.98,283.88,1122144,283.88
2022-09-29,283.88,294.27,279.12,289.42,1001841,289.42
2022-09-30,289.42,291.96,287.2,289.75,687885,289.75
2022-10-01,289.75,294.86,287.19,292.28,1770561,292.28
2022-10-02,292.28,296.84,278.99,283.41,1926909,283.41
2022-10-03,283.41,286.78,281.13,284.49,787899,284.49
2022-10-04,284.49,285.23,283.55,284.29,1011183,284.29
2022-10-05,284.29,293.33,281.2,290.17,761013,290.17
2022-10-06,290.17,296.09,274.36,280.07,1182625,280.07
2022-10-07,280.07,280.4,279.92,280.24,1182953,280.24
2022-10-08,280.24,284.61,278.37,282.72,991512,282.72
2022-10-09,282.72,292.01,279.63,288.85,1011054,288.85
2022-10-10,288.85,297.31,285.8,294.21,1543667,294.21
2022-10-11,294.21,303.01,291.22,299.96,1734898,299.96
2022-10-12,299.96,322.52,292.32,314.51,1039647,314.51
2022-10-13,314.51,316.56,308.79,310.82,1008921,310.82
2022-10-14,310.82,320.68,306.88,316.66,925631,316.66
2022-10-15,316.66,324.6,313.21,321.1,788096,321.1
2022-10-16,321.1,331.41,317.7,327.94,1100698,327.94
2022-10-17,327.94,333.26,316.65,321.87,845144,321.87
2022-10-18,321.87,336.01,317.13,331.13,1603938,331.13
2022-10-19,331.13,336.65,328.79,334.29,1137536,334.29
2022-10-20,334.29,340.98,318.79,325.29,1141424,325.29
2022-10-21,325.29,327.0,323.04,324.75,726320,324.75
2022-10-22,324.75,332.0,305.6,312.57,618409,312.57
2022-10-23,312.57,325.66,307.41,320.37,1172807,320.37
2022-10-24,320.37,331.92,314.47,325.91,1523819,325.91
2022-10-25,325.91,341.13,319.82,334.87,1203897,334.87
2022-10-26,334.87,340.35,320.14,325.47,1592059,325.47
2022-10-27,325.47,335.48,320.56,330.5,1935046,330.5
2022-10-28,330.5,348.4,323.77,341.45,901249,341.45
2022-10-29,341.45,354.71,334.56,347.69,976687,347.69
2022-10-30,347.69,357.02,344.24,353.51,1751264,353.51
2022-10-31,353.51,360.21,347.26,353.95,1445764,353.95
2022-11-01,353.95,358.25,351.67,355.96,976400,355.96
2022-11-02,355.96,380.23,347.67,371.58,1281262,371.58
2022-11-03,371.58,380.93,345.18,354.09,1884414,354.09
2022-11-04,354.09,387.02,343.51,375.79,1753945,375.79
2022-11-05,375.79,378.95,367.89,371.01,1520339,371.01
2022-11-06,371.01,373.26,367.41,369.65,988781,369.65
2022-11-07,369.65,371.04,366.17,367.55,1194195,367.55
2022-11-08,367.55,368.86,367.09,368.39,535005,368.39
2022-11-09,368.39,414.12,353.57,398.1,1244971,398.1
2022-11-10,398.1,400.16,396.67,398.72,964012,398.72
2022-11-11,398.72,416.5,348.97,365.25,2004750,365.25
2022-11-12,365.25,372.15,362.73,369.59,1119807,369.59
2022-11-13,369.59,376.73,356.49,363.51,884056,363.51
2022-11-14,363.51,369.42,352.34,358.16,874307,358.16
2022-11-15,358.16,364.49,355.8,362.1,1644266,362.1
2022-11-16,362.1,363.23,358.81,359.93,994822,359.93
2022-11-17,359.93,374.13,354.92,368.99,1298913,368.99
2022-11-18,368.99,371.42,367.92,370.34,1454189,370.34
2022-11-19,370.34,375.33,356.6,361.46,1243251,361.46
2022-11-20,361.46,367.68,343.62,349.62,1324808,349.62
2022-11-21,349.62,351.44,347.97,349.79,576402,349.79
2022-11-22,349.79,353.6,338.75,342.48,2771745,342.48
2022-11-23,342.48,350.61,339.78,347.87,906230,347.87
2022-11-24,347.87,349.94,347.14,349.21,1577903,349.21
2022-11-25,349.21,354.38,346.9,352.05,1176574,352.05
2022-11-26,352.05,370.54,346.02,364.3,1192893,364.3
2022-11-27,364.3,367.4,362.74,365.83,1332211,365.83
2022-11-28,365.83,367.43,362.66,364.26,1647039,364.26
2022-11-29,364.26,379.4,359.29,374.29,1085343,374.29
2022-11-30,374.29,379.84,360.04,365.45,1608774,365.45
2022-12-01,365.45,372.36,346.43,353.1,1112392,353.1
2022-12-02,353.1,359.17,339.53,345.46,1092694,345.46
2022-12-03,345.46,346.98,343.23,344.75,1192082,344.75
2022-12-04,344.75,349.67,331.87,336.67,1066328,336.67
2022-12-05,336.67,345.58,314.97,323.53,1728075,323.53
2022-12-06,323.53,326.6,315.85,318.87,1320855,318.87
2022-12-07,318.87,324.08,304.21,309.26,1636474,309.26
2022-12-08,309.26,314.04,299.36,304.05,1967100,304.05
2022-12-09,304.05,309.66,289.59,295.04,1109759,295.04
2022-12-10,295.04,295.88,293.65,294.5,810804,294.5
2022-12-11,294.5,299.14,281.16,285.66,2082773,285.66
2022-12-12,285.66,288.62,284.43,287.38,1272953,287.38
2022-12-13,287.38,297.05,284.05,293.65,1583480,293.65
2022-12-14,293.65,294.7,291.23,292.28,791504,292.28
2022-12-15,292.28,301.89,288.35,297.88,1052358,297.88
2022-12-16,297.88,303.86,295.73,301.68,847422,301.68
2022-12-17,301.68,304.4,300.65,303.37,1723433,303.37
2022-12-18,303.37,312.23,281.29,289.75,2880713,289.75
2022-12-19,289.75,294.52,279.61,284.29,854626,284.29
2022-12-20,284.29,317.12,273.23,305.25,904062,305.25
2022-12-21,305.25,314.44,300.96,310.08,1279775,310.08
2022-12-22,310.08,313.52,303.96,307.37,1049851,307.37
2022-12-23,307.37,341.38,295.97,329.18,1634101,329.18
2022-12-24,329.18,336.42,310.28,317.26,1147226,317.26
2022-12-25,317.26,327.32,289.66,299.14,1132105,299.14
2022-12-26,299.14,300.38,296.21,297.44,835834,297.44
2022-12-27,297.44,299.5,292.86,294.91,1378921,294.91
2022-12-28,294.91,310.3,289.31,304.51,1474548,304.51
2022-12-29,304.51,310.35,290.24,295.92,1331286,295.92
2022-12-30,295.92,314.96,288.07,306.82,1047526,306.82
2022-12-31,306.82,314.29,285.14,292.26,1197662,292.26
2023-01-01,292.26,295.43,284.54,287.67,1004938,287.67
2023-01-02,287.67,294.84,284.87,292.0,1174685,292.0
2023-01-03,292.0,294.46,290.76,293.21,994769,293.21
2023-01-04,293.21,322.17,283.89,312.25,1337033,312.25
2023-01-05,312.25,321.24,293.65,302.36,1356306,302.36
2023-01-06,302.36,308.58,285.63,291.63,1234244,291.63
2023-01-07,291.63,293.02,290.41,291.8,1463871,291.8
2023-01-08,291.8,294.52,284.67,287.35,1102106,287.35
2023-01-09,287.35,296.3,283.84,292.72,577217,292.72
2023-01-10,292.72,299.98,273.64,280.59,1833918,280.59
2023-01-11,280.59,287.79,277.73,284.89,1478774,284.89
2023-01-12,284.89,292.38,281.27,288.71,984343,288.71
2023-01-13,288.71,303.14,283.94,298.21,1146382,298.21
2023-01-14,298.21,314.57,292.63,308.79,1102473,308.79
2023-01-15,308.79,325.05,302.56,318.62,1679228,318.62
2023-01-16,318.62,320.51,314.37,316.24,2081727,316.24
2023-01-17,316.24,324.69,312.79,321.19,1756738,321.19
2023-01-18,321.19,332.42,316.86,327.99,980252,327.99
2023-01-19,327.99,330.4,324.42,326.82,948930,326.82
2023-01-20,326.82,332.6,314.02,319.68,1609878,319.68
2023-01-21,319.68,323.21,311.5,314.97,1002431,314.97
2023-01-22,314.97,317.75,308.02,310.76,1312502,310.76
2023-01-23,310.76,315.88,296.98,301.95,2047116,301.95
2023-01-24,301.95,309.69,297.48,305.17,801712,305.17
2023-01-25,305.17,310.53,293.54,298.78,1800807,298.78
2023-01-26,298.78,310.09,294.96,306.17,1933535,306.17
2023-01-27,306.17,308.35,301.59,303.76,1418084,303.76
2023-01-28,303.76,307.0,296.94,300.14,1474610,300.14
2023-01-29,300.14,302.49,299.35,301.69,1214918,301.69
2023-01-30,301.69,306.11,300.04,304.44,1032764,304.44
2023-01-31,304.44,315.16,299.65,310.27,1342218,310.27
2023-02-01,310.27,322.23,285.08,296.51,2607186,296.51
2023-02-02,296.51,296.76,296.2,296.45,1081978,296.45
2023-02-03,296.45,305.01,293.53,302.04,1162243,302.04
2023-02-04,302.04,315.21,296.21,309.25,1962429,309.25
2023-02-05,309.25,324.6,304.21,319.39,775927,319.39
2023-02-06,319.39,349.3,309.58,338.89,1813446,338.89
2023-02-07,338.89,340.73,338.2,340.03,1068290,340.03
2023-02-08,340.03,356.58,334.5,350.87,947722,350.87
2023-02-09,350.87,353.86,343.98,346.94,1018283,346.94
2023-02-10,346.94,348.59,342.46,344.1,1045906,344.1
2023-02-11,344.1,345.36,343.26,344.52,870846,344.52
2023-02-12,344.52,346.0,341.41,342.88,731964,342.88
2023-02-13,342.88,348.61,339.73,345.43,1519618,345.43
2023-02-14,345.43,351.83,329.03,335.23,1377162,335.23
2023-02-15,335.23,337.0,330.89,332.64,1561441,332.64
2023-02-16,332.64,337.45,320.21,324.91,2204397,324.91
2023-02-17,324.91,328.68,322.83,326.59,854985,326.59
2023-02-18,326.59,332.74,312.16,318.15,1607053,318.15
2023-02-19,318.15,323.5,315.65,320.98,1357256,320.98
2023-02-20,320.98,323.12,316.59,318.72,1567973,318.72
2023-02-21,318.72,323.4,317.12,321.79,743936,321.79
2023-02-22,321.79,322.8,320.95,321.96,1082135,321.96
2023-02-23,321.96,324.05,317.32,319.39,1489761,319.39
2023-02-24,319.39,327.79,316.09,324.44,1331870,324.44
2023-02-25,324.44,327.0,319.4,321.94,898317,321.94
2023-02-26,321.94,328.46,303.16,309.42,1808739,309.42
2023-02-27,309.42,311.73,303.16,305.43,1459581,305.43
2023-02-28,305.43,313.03,302.46,310.02,701791,310.02
2023-03-01,310.02,313.74,299.8,303.44,1202947,303.44
2023-03-02,303.44,305.94,296.75,299.21,1028162,299.21
2023-03-03,299.21,302.69,296.82,300.29,926572,300.29
2023-03-04,300.29,314.89,294.02,308.46,1452403,308.46
2023-03-05,308.46,315.15,294.3,300.83,1399246,300.83
2023-03-06,300.83,305.62,287.9,292.56,1197523,292.56
2023-03-07,292.56,294.46,290.3,292.19,832006,292.19
2023-03-08,292.19,296.3,280.51,284.51,1579676,284.51
2023-03-09,284.51,285.58,283.37,284.44,912540,284.44
2023-03-10,284.44,285.9,283.84,285.3,718941,285.3
2023-03-11,285.3,291.14,283.27,289.08,874733,289.08
2023-03-12,289.08,293.41,277.69,281.91,1576411,281.91
2023-03-13,281.91,285.33,272.57,275.92,1089293,275.92
2023-03-14,275.92,277.19,274.95,276.22,662450,276.22
2023-03-15,276.22,279.02,269.0,271.75,1052271,271.75
2023-03-16,271.75,274.29,268.99,271.52,1032953,271.52
2023-03-17,271.52,275.33,262.9,266.64,1271229,266.64
2023-03-18,266.64,267.51,265.69,266.56,751281,266.56
2023-03-19,266.56,273.94,263.26,270.59,1744905,270.59
2023-03-20,270.59,294.34,261.26,284.52,1640105,284.52
2023-03-21,284.52,332.08,269.22,315.14,1743835,315.14
2023-03-22,315.14,327.47,310.72,322.94,1165488,322.94
2023-03-23,322.94,326.7,313.0,316.69,1711059,316.69
2023-03-24,316.69,330.58,311.97,325.72,1233154,325.72
2023-03-25,325.72,339.92,320.8,334.85,1531006,334.85
2023-03-26,334.85,339.61,322.58,327.22,2078533,327.22
2023-03-27,327.22,330.43,325.33,328.52,733601,328.52
2023-03-28,328.52,330.41,327.67,329.55,886864,329.55
2023-03-29,329.55,338.15,326.29,334.83,528820,334.83
2023-03-30,334.83,336.0,332.93,334.09,935761,334.09
2023-03-31,334.09,338.92,321.69,326.4,1911841,326.4
2023-04-01,326.4,333.66,323.29,330.51,1105974,330.51
2023-04-02,330.51,333.14,328.52,331.15,757556,331.15
2023-04-03,331.15,336.1,320.05,324.91,1404381,324.91
2023-04-04,324.91,327.88,319.23,322.17,1521488,322.17
2023-04-05,322.17,333.18,297.66,308.2,1115161,308.2
2023-04-06,308.2,310.49,307.2,309.49,1056086,309.49
2023-04-07,309.49,311.66,308.38,310.55,946754,310.55
2023-04-08,310.55,314.83,303.19,307.43,1511234,307.43
2023-04-09,307.43,307.98,307.22,307.77,863310,307.77
2023-04-10,307.77,311.9,298.59,302.65,902249,302.65
2023-04-11,302.65,305.25,296.34,298.9,866609,298.9
2023-04-12,298.9,306.37,295.93,303.36,1102450,303.36
2023-04-13,303.36,315.67,299.32,311.52,1134340,311.52
2023-04-14,311.52,314.16,309.93,312.56,1526581,312.56
2023-04-15,312.56,320.58,291.8,299.49,1178446,299.49
2023-04-16,299.49,303.02,289.66,293.11,1601753,293.11
2023-04-17,293.11,302.93,289.3,299.04,1277936,299.04
2023-04-18,299.04,300.91,298.04,299.91,872876,299.91
2023-04-19,299.91,302.44,294.12,296.61,1340601,296.61
2023-04-20,296.61,307.17,267.63,277.5,993584,277.5
2023-04-21,277.5,278.58,274.56,275.63,956905,275.63
2023-04-22,275.63,280.42,272.95,277.72,869270,277.72
2023-04-23,277.72,283.12,275.63,281.0,1623139,281.0
2023-04-24,281.0,289.71,277.96,286.61,1149955,286.61
2023-04-25,286.61,292.8,270.08,276.05,2508861,276.05
2023-04-26,276.05,276.24,275.58,275.77,1207227,275.77
2023-04-27,275.77,277.17,272.73,274.12,1045531,274.12
2023-04-28,274.12,276.16,268.69,270.71,2059378,270.71
2023-04-29,270.71,276.87,267.17,273.3,1280647,273.3
2023-04-30,273.3,274.52,270.49,271.7,1481673,271.7
2023-05-01,271.7,275.7,262.91,266.83,1286946,266.83
2023-05-02,266.83,272.23,251.36,256.55,1381274,256.55
2023-05-03,256.55,257.88,255.4,256.73,989176,256.73
2023-05-04,256.73,263.94,252.93,260.09,981506,260.09
2023-05-05,260.09,262.2,255.82,257.91,1424975,257.91
2023-05-06,257.91,261.38,255.47,258.93,583351,258.93
2023-05-07,258.93,265.23,256.55,262.81,1226429,262.81
2023-05-08,262.81,266.55,254.09,257.76,1138531,257.76
2023-05-09,257.76,260.37,256.86,259.47,796251,259.47
2023-05-10,259.47,261.09,257.27,258.88,930968,258.88
2023-05-11,258.88,261.8,253.76,256.65,946098,256.65
2023-05-12,256.65,256.89,255.93,256.17,1381806,256.17
2023-05-13,256.17,261.09,253.78,258.68,798369,258.68
2023-05-14,258.68,263.05,256.59,260.94,862333,260.94
2023-05-15,260.94,265.44,249.78,254.16,693927,254.16
2023-05-16,254.16,254.7,253.51,254.06,867309,254.06
2023-05-17,254.06,257.96,252.34,256.23,741367,256.23
2023-05-18,256.23,259.27,247.79,250.77,1031857,250.77
2023-05-19,250.77,261.89,246.85,257.87,1305771,257.87
2023-05-20,257.87,263.59,255.94,261.63,935358,261.63
2023-05-21,261.63,278.57,255.52,272.2,1419486,272.2
2023-05-22,272.2,275.73,270.95,274.47,782446,274.47
2023-05-23,274.47,275.57,273.74,274.84,798625,274.84
2023-05-24,274.84,280.29,272.6,278.02,958746,278.02
2023-05-25,278.02,279.9,277.03,278.9,1242930,278.9
2023-05-26,278.9,280.1,276.93,278.12,1019806,278.12
2023-05-27,278.12,286.97,256.49,264.92,884528,264.92
2023-05-28,264.92,269.26,252.98,257.19,760022,257.19
2023-05-29,257.19,258.17,255.27,256.24,1122024,256.24
2023-05-30,256.24,259.87,254.39,258.02,1809835,258.02
2023-05-31,258.02,259.29,254.53,255.79,1160754,255.79
2023-06-01,255.79,265.71,252.48,262.31,1750808,262.31
2023-06-02,262.31,266.6,259.92,264.19,1250452,264.19
2023-06-03,264.19,267.9,254.15,257.77,897396,257.77
2023-06-04,257.77,261.12,248.54,251.82,851206,251.82
2023-06-05,251.82,253.67,247.25,249.09,1087211,249.09
2023-06-06,249.09,256.53,228.15,235.16,2456051,235.16
2023-06-07,235.16,237.85,234.21,236.89,965364,236.89
2023-06-08,236.89,238.19,234.81,236.1,1117535,236.1
2023-06-09,236.1,241.48,233.42,238.76,1538058,238.76
2023-06-10,238.76,239.22,238.6,239.05,1122823,239.05
2023-06-11,239.05,241.67,232.18,234.74,1682115,234.74
2023-06-12,234.74,237.37,233.74,236.35,906795,236.35
2023-06-13,236.35,253.04,230.6,247.03,1428338,247.03
2023-06-14,247.03,282.83,235.01,269.71,3276086,269.71
2023-06-15,269.71,282.72,263.66,276.52,1503295,276.52
2023-06-16,276.52,278.94,275.67,278.09,1423190,278.09
2023-06-17,278.09,282.87,265.52,270.16,1087842,270.16
2023-06-18,270.16,272.89,264.4,267.1,702459,267.1
2023-06-19,267.1,270.38,259.1,262.32,1014580,262.32
2023-06-20,262.32,263.61,260.79,262.07,1510635,262.07
2023-06-21,262.07,266.3,260.11,264.32,1086275,264.32
2023-06-22,264.32,276.58,259.79,271.92,2095661,271.92
2023-06-23,271.92,280.21,268.1,276.33,832332,276.33
2023-06-24,276.33,278.77,270.55,272.96,1101921,272.96
2023-06-25,272.96,276.7,262.63,266.28,1636835,266.28
2023-06-26,266.28,269.89,263.81,267.41,418942,267.41
2023-06-27,267.41,274.4,264.9,271.85,1082274,271.85
2023-06-28,271.85,290.15,265.23,283.26,1151928,283.26
2023-06-29,283.26,287.17,272.18,275.99,881135,275.99
2023-06-30,275.99,280.19,264.11,268.2,788788,268.2
2023-07-01,268.2,268.8,267.82,268.42,1266010,268.42
2023-07-02,268.42,271.28,260.21,263.02,1136592,263.02
2023-07-03,263.02,268.6,260.5,266.05,2300595,266.05
2023-07-04,266.05,269.74,264.28,267.96,1401527,267.96
2023-07-05,267.96,269.72,263.52,265.26,1317300,265.26
2023-07-06,265.26,270.78,263.1,268.59,1373880,268.59
2023-07-07,268.59,271.45,261.21,264.03,1186548,264.03
2023-07-08,264.03,266.14,257.8,259.89,711030,259.89
2023-07-09,259.89,271.77,227.56,238.45,2786189,238.45
2023-07-10,238.45,254.96,232.56,248.81,1311065,248.81
2023-07-11,248.81,254.21,234.64,239.85,952732,239.85
2023-07-12,239.85,240.39,239.4,239.94,1084004,239.94
2023-07-13,239.94,240.86,238.21,239.14,1145838,239.14
2023-07-14,239.14,244.95,222.62,228.17,1771068,228.17
2023-07-15,228.17,229.37,227.56,228.75,880445,228.75
2023-07-16,228.75,230.12,227.42,228.79,905324,228.79
2023-07-17,228.79,232.69,218.73,222.52,1462633,222.52
2023-07-18,222.52,229.93,219.92,227.28,563171,227.28
2023-07-19,227.28,230.49,217.94,221.06,1293107,221.06
2023-07-20,221.06,222.02,219.85,220.81,1727104,220.81
2023-07-21,220.81,227.43,218.34,224.91,1586223,224.91
2023-07-22,224.91,225.16,224.3,224.54,1737142,224.54
2023-07-23,224.54,228.46,213.7,217.5,1326728,217.5
2023-07-24,217.5,224.32,214.98,221.75,1314420,221.75
2023-07-25,221.75,224.57,219.77,222.58,1351677,222.58
2023-07-26,222.58,225.02,221.18,223.62,966540,223.62
2023-07-27,223.62,224.62,221.37,222.36,1127638,222.36
2023-07-28,222.36,223.64,220.08,221.35,865221,221.35
2023-07-29,221.35,228.59,218.28,225.47,938176,225.47
2023-07-30,225.47,228.27,224.31,227.1,513332,227.1
2023-07-31,227.1,227.9,225.67,226.46,808190,226.46
2023-08-01,226.46,228.36,222.88,224.76,840822,224.76
2023-08-02,224.76,228.32,218.56,222.08,881022,222.08
2023-08-03,222.08,230.17,218.86,226.88,1219742,226.88
2023-08-04,226.88,228.26,224.59,225.96,307574,225.96
2023-08-05,225.96,227.32,223.18,224.53,1013085,224.53
2023-08-06,224.53,227.09,223.65,226.21,1275621,226.21
2023-08-07,226.21,230.62,214.88,219.15,942829,219.15
2023-08-08,219.15,219.95,218.81,219.61,1346418,219.61
2023-08-09,219.61,220.37,218.07,218.84,691406,218.84
2023-08-10,218.84,219.98,217.09,218.24,867400,218.24
2023-08-11,218.24,246.43,208.84,236.25,1839982,236.25
2023-08-12,236.25,249.96,231.39,244.93,859290,244.93
2023-08-13,244.93,246.18,243.59,244.84,838922,244.84
2023-08-14,244.84,263.19,238.8,256.85,2017500,256.85
2023-08-15,256.85,258.71,256.22,258.07,656605,258.07
2023-08-16,258.07,260.32,253.76,255.99,1018593,255.99
2023-08-17,255.99,259.18,254.36,257.54,1384759,257.54
2023-08-18,257.54,258.37,255.55,256.37,651074,256.37
2023-08-19,256.37,262.95,240.01,246.33,1440740,246.33
2023-08-20,246.33,255.89,242.94,252.42,1174569,252.42
2023-08-21,252.42,253.42,249.97,250.97,803949,250.97
2023-08-22,250.97,255.32,238.72,242.93,1428777,242.93
2023-08-23,242.93,252.58,239.37,248.93,1371169,248.93
2023-08-24,248.93,257.71,246.03,254.75,962343,254.75
2023-08-25,254.75,256.91,248.47,250.6,888550,250.6
2023-08-26,250.6,256.21,248.19,253.77,1956885,253.77
2023-08-27,253.77,254.63,251.54,252.39,1233223,252.39
2023-08-28,252.39,258.04,236.4,241.81,1526782,241.81
2023-08-29,241.81,245.17,233.33,236.61,887738,236.61
2023-08-30,236.61,243.2,234.22,240.77,1528610,240.77
2023-08-31,240.77,248.25,237.4,244.82,1426521,244.82
2023-09-01,244.82,245.93,244.41,245.51,1351401,245.51
2023-09-02,245.51,249.4,243.91,247.78,1349397,247.78
2023-09-03,247.78,253.28,243.89,249.36,1132374,249.36
2023-09-04,249.36,250.85,247.86,249.34,1635918,249.34
2023-09-05,249.34,252.92,248.01,251.57,844202,251.57
2023-09-06,251.57,254.01,250.02,252.46,938167,252.46
2023-09-07,252.46,255.08,247.58,250.18,1034110,250.18
2023-09-08,250.18,250.54,249.45,249.8,832680,249.8
2023-09-09,249.8,255.19,247.51,252.87,1510409,252.87
2023-09-10,252.87,256.88,244.77,248.71,855982,248.71
2023-09-11,248.71,254.02,246.82,252.11,624376,252.11
2023-09-12,252.11,258.28,249.49,255.63,1080156,255.63
2023-09-13,255.63,258.87,254.27,257.5,1020424,257.5
2023-09-14,257.5,264.74,243.33,250.36,1540305,250.36
2023-09-15,250.36,252.36,249.28,251.28,1236962,251.28
2023-09-16,251.28,256.24,238.3,243.09,1197328,243.09
2023-09-17,243.09,245.71,241.28,243.9,1411596,243.9
2023-09-18,243.9,249.41,241.25,246.73,1482971,246.73
2023-09-19,246.73,247.82,245.79,246.88,1647065,246.88
2023-09-20,246.88,255.82,243.85,252.73,1692845,252.73
2023-09-21,252.73,254.99,247.85,250.09,897533,250.09
2023-09-22,250.09,253.62,248.73,252.24,1155190,252.24
2023-09-23,252.24,263.04,248.1,258.79,983810,258.79
2023-09-24,258.79,260.81,257.47,259.48,894627,259.48
2023-09-25,259.48,263.35,258.14,262.0,900144,262.0
2023-09-26,262.0,263.83,260.99,262.81,974699,262.81
2023-09-27,262.81,264.54,258.48,260.19,876226,260.19
2023-09-28,260.19,262.84,255.43,258.06,664967,258.06
2023-09-29,258.06,264.42,255.68,262.01,1621998,262.01
2023-09-30,262.01,266.4,259.26,263.62,1003194,263.62
2023-10-01,263.62,266.23,258.16,260.74,1078106,260.74
2023-10-02,260.74,270.09,256.25,265.52,851566,265.52
2023-10-03,265.52,267.8,264.74,267.01,1319292,267.01
2023-10-04,267.01,277.88,263.27,274.03,1185358,274.03
2023-10-05,274.03,275.51,271.75,273.22,1420179,273.22
2023-10-06,273.22,275.41,268.32,270.49,1670232,270.49
2023-10-07,270.49,273.38,269.39,272.27,993022,272.27
2023-10-08,272.27,275.85,262.86,266.37,1634025,266.37
2023-10-09,266.37,266.76,265.4,265.8,1666608,265.8
2023-10-10,265.8,269.28,264.6,268.06,1484292,268.06
2023-10-11,268.06,271.91,266.36,270.19,1276875,270.19
2023-10-12,270.19,280.34,265.52,275.58,998596,275.58
2023-10-13,275.58,281.07,271.88,277.34,783039,277.34
2023-10-14,277.34,279.86,273.13,275.64,1024836,275.64
2023-10-15,275.64,278.02,274.71,277.09,1780577,277.09
2023-10-16,277.09,284.74,273.26,280.86,1057683,280.86
2023-10-17,280.86,282.1,278.12,279.35,963740,279.35
2023-10-18,279.35,280.63,277.4,278.68,878090,278.68
2023-10-19,278.68,280.0,276.32,277.64,778345,277.64
2023-10-20,277.64,282.81,275.21,280.36,1003133,280.36
2023-10-21,280.36,288.3,277.75,285.64,1832950,285.64
2023-10-22,285.64,287.44,284.81,286.61,1396903,286.61
2023-10-23,286.61,290.21,280.39,283.96,586665,283.96
2023-10-24,283.96,291.63,281.12,288.74,1144462,288.74
2023-10-25,288.74,289.96,285.57,286.78,1071104,286.78
2023-10-26,286.78,293.13,284.14,290.46,1502609,290.46
2023-10-27,290.46,303.24,284.72,297.36,1546429,297.36
2023-10-28,297.36,298.08,295.86,296.57,1206104,296.57
2023-10-29,296.57,299.42,295.62,298.46,1240777,298.46
2023-10-30,298.46,299.49,297.96,298.99,794770,298.99
2023-10-31,298.99,301.05,293.01,295.03,970229,295.03
2023-11-01,295.03,298.37,285.57,288.83,1597758,288.83
2023-11-02,288.83,290.37,288.31,289.84,687246,289.84
2023-11-03,289.84,294.61,287.78,292.52,1044457,292.52
2023-11-04,292.52,294.94,288.15,290.55,665563,290.55
2023-11-05,290.55,292.08,289.95,291.48,720703,291.48
2023-11-06,291.48,294.55,290.32,293.38,842220,293.38
2023-11-07,293.38,297.04,283.91,287.49,926694,287.49
2023-11-08,287.49,293.09,284.84,290.41,989971,290.41
2023-11-09,290.41,291.85,286.28,287.71,911541,287.71
2023-11-10,287.71,290.34,280.62,283.21,1049640,283.21
2023-11-11,283.21,288.03,270.36,275.04,2454265,275.04
2023-11-12,275.04,275.56,273.67,274.18,1415074,274.18
2023-11-13,274.18,280.43,271.97,278.2,808873,278.2
2023-11-14,278.2,279.79,273.71,275.28,1205539,275.28
2023-11-15,275.28,278.68,272.35,275.75,1060405,275.75
2023-11-16,275.75,280.9,272.6,277.72,1247472,277.72
2023-11-17,277.72,280.42,270.89,273.54,1155767,273.54
2023-11-18,273.54,277.02,271.77,275.25,785670,275.25
2023-11-19,275.25,287.59,269.27,281.48,1616427,281.48
2023-11-20,281.48,283.26,276.22,277.98,610872,277.98
2023-11-21,277.98,278.17,277.63,277.81,646340,277.81
2023-11-22,277.81,280.51,270.17,272.82,1588200,272.82
2023-11-23,272.82,274.26,270.76,272.19,1095987,272.19
2023-11-24,272.19,274.82,270.93,273.54,1564643,273.54
2023-11-25,273.54,276.64,265.89,268.93,1359111,268.93
2023-11-26,268.93,279.48,265.28,275.74,1009896,275.74
2023-11-27,275.74,281.04,262.0,267.14,1070020,267.14
2023-11-28,267.14,268.15,266.67,267.69,676643,267.69
2023-11-29,267.69,272.52,264.76,269.57,1235829,269.57
2023-11-30,269.57,278.73,265.93,275.02,1582780,275.02
2023-12-01,275.02,279.0,263.64,267.51,1653838,267.51
2023-12-02,267.51,273.79,264.75,270.99,1256138,270.99
2023-12-03,270.99,276.77,254.57,260.12,720296,260.12
2023-12-04,260.12,269.26,255.95,265.01,831219,265.01
2023-12-05,265.01,267.79,263.59,266.36,1589807,266.36
2023-12-06,266.36,268.85,265.35,267.84,1592866,267.84
2023-12-07,267.84,271.35,259.6,263.05,1738728,263.05
2023-12-08,263.05,287.33,255.2,279.01,1490154,279.01
2023-12-09,279.01,286.23,259.16,266.04,964935,266.04
2023-12-10,266.04,268.52,260.83,263.28,1197162,263.28
2023-12-11,263.28,265.5,257.18,259.37,1244553,259.37
2023-12-12,259.37,267.5,256.6,264.67,1073323,264.67
2023-12-13,264.67,269.55,254.68,259.46,982599,259.46
2023-12-14,259.46,262.46,253.04,255.99,1177896,255.99
2023-12-15,255.99,258.97,254.07,257.04,904994,257.04
2023-12-16,257.04,258.88,253.28,255.1,1490608,255.1
2023-12-17,255.1,260.22,240.44,245.36,1765194,245.36
2023-12-18,245.36,252.23,242.81,249.63,1469350,249.63
2023-12-19,249.63,253.14,246.58,250.09,1874767,250.09
2023-12-20,250.09,255.02,242.03,246.9,1860252,246.9
2023-12-21,246.9,250.84,245.51,249.45,946884,249.45
2023-12-22,249.45,250.62,247.58,248.76,900485,248.76
2023-12-23,248.76,256.93,245.18,253.29,1095442,253.29
2023-12-24,253.29,258.45,251.28,256.42,1048285,256.42
2023-12-25,256.42,270.84,250.76,264.99,2957366,264.99
2023-12-26,264.99,285.1,258.19,277.97,1511414,277.97
2023-12-27,277.97,279.41,277.41,278.85,667092,278.85
2023-12-28,278.85,281.27,275.39,277.8,905394,277.8
2023-12-29,277.8,285.26,260.86,268.06,670400,268.06
2023-12-30,268.06,270.92,259.93,262.74,1172977,262.74
2023-12-31,262.74,264.47,258.76,260.48,828431,260.48
2024-01-01,260.48,261.46,258.37,259.35,1177574,259.35
